clingo version 5.6.2
Reading from ./instances/lp/ex01.lp
Solving...
Answer: 1
6 1 7  5 4 9  2 8 3
4 2 3  7 1 8  5 6 9
5 9 8  2 3 6  1 4 7

7 3 1  8 9 5  6 2 4
2 8 4  1 6 7  3 9 5
9 5 6  3 2 4  8 7 1

3 6 5  9 7 2  4 1 8
8 4 9  6 5 1  7 3 2
1 7 2  4 8 3  9 5 6
Answer: 2
6 1 7  5 4 9  2 8 3
4 2 3  7 1 8  5 6 9
9 5 8  2 3 6  1 4 7

7 3 1  8 9 5  6 2 4
2 8 4  1 6 7  3 9 5
5 9 6  3 2 4  8 7 1

3 6 5  9 7 2  4 1 8
8 4 9  6 5 1  7 3 2
1 7 2  4 8 3  9 5 6
Answer: 3
6 1 7  5 4 9  2 8 3
2 4 3  7 1 8  5 6 9
5 9 8  2 3 6  1 4 7

7 3 1  8 9 5  6 2 4
8 2 4  1 6 7  3 9 5
9 5 6  3 2 4  8 7 1

3 6 5  9 7 2  4 1 8
4 8 9  6 5 1  7 3 2
1 7 2  4 8 3  9 5 6
Answer: 4
6 1 7  5 4 9  2 8 3
2 4 3  7 1 8  5 6 9
9 5 8  2 3 6  1 4 7

7 3 1  8 9 5  6 2 4
8 2 4  1 6 7  3 9 5
5 9 6  3 2 4  8 7 1

3 6 5  9 7 2  4 1 8
4 8 9  6 5 1  7 3 2
1 7 2  4 8 3  9 5 6
Answer: 5
1 6 7  5 4 9  2 8 3
2 4 3  7 1 8  5 6 9
5 9 8  2 3 6  1 4 7

3 7 1  8 9 5  6 2 4
8 2 4  1 6 7  3 9 5
9 5 6  3 2 4  8 7 1

6 3 5  9 7 2  4 1 8
4 8 9  6 5 1  7 3 2
7 1 2  4 8 3  9 5 6
Answer: 6
1 6 7  5 4 9  2 8 3
4 2 3  7 1 8  5 6 9
5 9 8  2 3 6  1 4 7

3 7 1  8 9 5  6 2 4
2 8 4  1 6 7  3 9 5
9 5 6  3 2 4  8 7 1

6 3 5  9 7 2  4 1 8
8 4 9  6 5 1  7 3 2
7 1 2  4 8 3  9 5 6
Answer: 7
1 6 7  5 4 9  2 8 3
2 4 3  7 1 8  5 6 9
9 5 8  2 3 6  1 4 7

3 7 1  8 9 5  6 2 4
8 2 4  1 6 7  3 9 5
5 9 6  3 2 4  8 7 1

6 3 5  9 7 2  4 1 8
4 8 9  6 5 1  7 3 2
7 1 2  4 8 3  9 5 6
Answer: 8
1 6 7  5 4 9  2 8 3
4 2 3  7 1 8  5 6 9
9 5 8  2 3 6  1 4 7

3 7 1  8 9 5  6 2 4
2 8 4  1 6 7  3 9 5
5 9 6  3 2 4  8 7 1

6 3 5  9 7 2  4 1 8
8 4 9  6 5 1  7 3 2
7 1 2  4 8 3  9 5 6
SATISFIABLE

Models       : 8
Calls        : 1
Time         : 0.031s (Solving: 0.02s 1st Model: 0.00s Unsat: 0.00s)
CPU Time     : 0.031s