clingo version 5.6.2
Reading from ./instances/lp/ex02.lp
Solving...
Answer: 1
9 3 6  2 4 8  7 1 5
1 5 2  3 7 6  8 4 9
8 4 7  1 9 5  2 6 3

6 2 4  7 5 3  1 9 8
7 1 8  4 2 9  3 5 6
3 9 5  6 8 1  4 2 7

2 6 9  8 3 4  5 7 1
4 8 1  5 6 7  9 3 2
5 7 3  9 1 2  6 8 4
Answer: 2
9 5 6  2 4 8  7 3 1
1 4 2  3 7 6  8 5 9
8 3 7  1 9 5  2 4 6

6 2 4  7 5 3  1 9 8
7 1 8  4 2 9  3 6 5
3 9 5  6 8 1  4 7 2

2 6 9  8 3 4  5 1 7
4 8 1  5 6 7  9 2 3
5 7 3  9 1 2  6 8 4
Answer: 3
9 3 6  2 4 8  7 5 1
1 5 2  3 7 6  8 4 9
8 4 7  1 9 5  2 3 6

6 2 4  7 5 3  1 9 8
7 1 8  4 2 9  3 6 5
3 9 5  6 8 1  4 7 2

2 6 9  8 3 4  5 1 7
4 8 1  5 6 7  9 2 3
5 7 3  9 1 2  6 8 4
Answer: 4
1 5 6  2 4 8  7 3 9
9 4 2  3 7 6  8 5 1
8 3 7  1 9 5  2 4 6

6 2 4  7 5 3  1 9 8
7 1 8  4 2 9  3 6 5
3 9 5  6 8 1  4 7 2

2 6 9  8 3 4  5 1 7
4 8 1  5 6 7  9 2 3
5 7 3  9 1 2  6 8 4
Answer: 5
1 3 6  2 4 8  7 5 9
9 5 2  3 7 6  8 4 1
8 4 7  1 9 5  2 3 6

6 2 4  7 5 3  1 9 8
7 1 8  4 2 9  3 6 5
3 9 5  6 8 1  4 7 2

2 6 9  8 3 4  5 1 7
4 8 1  5 6 7  9 2 3
5 7 3  9 1 2  6 8 4
Answer: 6
9 5 6  2 4 8  7 1 3
1 4 2  3 7 6  8 5 9
8 3 7  1 9 5  2 4 6

6 2 4  7 5 3  1 9 8
7 1 8  4 2 9  3 6 5
3 9 5  6 8 1  4 2 7

2 6 9  8 3 4  5 7 1
4 8 1  5 6 7  9 3 2
5 7 3  9 1 2  6 8 4
Answer: 7
9 5 6  2 4 8  7 3 1
1 4 2  3 7 6  8 9 5
8 3 7  1 9 5  2 6 4

6 2 4  7 5 3  1 8 9
7 1 8  4 2 9  3 5 6
3 9 5  6 8 1  4 7 2

2 6 9  8 3 4  5 1 7
4 8 1  5 6 7  9 2 3
5 7 3  9 1 2  6 4 8
Answer: 8
9 3 6  2 4 8  7 5 1
1 5 2  3 7 6  8 9 4
8 4 7  1 9 5  2 3 6

6 2 4  7 5 3  1 8 9
7 1 8  4 2 9  3 6 5
3 9 5  6 8 1  4 7 2

2 6 9  8 3 4  5 1 7
4 8 1  5 6 7  9 2 3
5 7 3  9 1 2  6 4 8
Answer: 9
9 5 6  2 4 8  7 1 3
1 4 2  3 7 6  8 9 5
8 3 7  1 9 5  2 6 4

6 2 4  7 5 3  1 8 9
7 1 8  4 2 9  3 5 6
3 9 5  6 8 1  4 2 7

2 6 9  8 3 4  5 7 1
4 8 1  5 6 7  9 3 2
5 7 3  9 1 2  6 4 8
Answer: 10
9 3 6  2 4 8  7 1 5
1 5 2  3 7 6  8 9 4
8 4 7  1 9 5  2 6 3

6 2 4  7 5 3  1 8 9
7 1 8  4 2 9  3 5 6
3 9 5  6 8 1  4 2 7

2 6 9  8 3 4  5 7 1
4 8 1  5 6 7  9 3 2
5 7 3  9 1 2  6 4 8
Answer: 11
1 5 6  2 4 8  7 9 3
9 4 2  3 7 6  8 1 5
8 3 7  1 9 5  2 6 4

6 2 4  7 5 3  1 8 9
7 1 8  4 2 9  3 5 6
3 9 5  6 8 1  4 2 7

2 6 9  8 3 4  5 7 1
4 8 1  5 6 7  9 3 2
5 7 3  9 1 2  6 4 8
Answer: 12
1 3 6  2 4 8  7 9 5
9 5 2  3 7 6  8 1 4
8 4 7  1 9 5  2 6 3

6 2 4  7 5 3  1 8 9
7 1 8  4 2 9  3 5 6
3 9 5  6 8 1  4 2 7

2 6 9  8 3 4  5 7 1
4 8 1  5 6 7  9 3 2
5 7 3  9 1 2  6 4 8
SATISFIABLE

Models       : 12
Calls        : 1
Time         : 0.021s (Solving: 0.01s 1st Model: 0.00s Unsat: 0.00s)
CPU Time     : 0.021s