clingo version 5.6.2
Reading from ./instances/lp/ex03.lp
Solving...
Answer: 1
6 1 2  8 9 4  3 5 7
3 8 5  7 2 6  9 1 4
7 9 4  3 5 1  8 2 6

5 7 9  4 3 2  1 6 8
1 3 8  6 7 9  2 4 5
4 2 6  5 1 8  7 3 9

2 5 7  9 4 3  6 8 1
8 4 3  1 6 7  5 9 2
9 6 1  2 8 5  4 7 3
Answer: 2
6 1 2  8 9 4  3 5 7
3 5 8  7 2 6  9 1 4
4 7 9  3 5 1  8 2 6

5 9 7  4 3 2  1 6 8
1 8 3  6 7 9  2 4 5
2 4 6  5 1 8  7 3 9

7 2 5  9 4 3  6 8 1
8 3 4  1 6 7  5 9 2
9 6 1  2 8 5  4 7 3
Answer: 3
6 1 2  8 9 4  3 5 7
3 5 8  7 2 6  9 1 4
7 4 9  3 5 1  8 2 6

5 9 7  4 3 2  1 6 8
1 8 3  6 7 9  2 4 5
4 2 6  5 1 8  7 3 9

2 7 5  9 4 3  6 8 1
8 3 4  1 6 7  5 9 2
9 6 1  2 8 5  4 7 3
Answer: 4
6 1 2  8 9 4  3 5 7
3 5 8  7 2 6  9 1 4
4 9 7  3 5 1  8 2 6

5 7 9  4 3 2  1 6 8
1 8 3  6 7 9  2 4 5
2 4 6  5 1 8  7 3 9

7 2 5  9 4 3  6 8 1
8 3 4  1 6 7  5 9 2
9 6 1  2 8 5  4 7 3
Answer: 5
6 1 2  8 9 4  3 5 7
8 5 3  7 2 6  9 1 4
4 7 9  3 5 1  8 2 6

5 9 7  4 3 2  1 6 8
1 3 8  6 7 9  2 4 5
2 4 6  5 1 8  7 3 9

7 2 5  9 4 3  6 8 1
3 8 4  1 6 7  5 9 2
9 6 1  2 8 5  4 7 3
Answer: 6
6 1 2  8 9 4  3 5 7
8 5 3  7 2 6  9 1 4
4 9 7  3 5 1  8 2 6

5 7 9  4 3 2  1 6 8
1 3 8  6 7 9  2 4 5
2 4 6  5 1 8  7 3 9

7 2 5  9 4 3  6 8 1
3 8 4  1 6 7  5 9 2
9 6 1  2 8 5  4 7 3
Answer: 7
6 1 2  8 9 4  3 5 7
8 5 3  7 2 6  9 1 4
7 4 9  3 5 1  8 2 6

5 9 7  4 3 2  1 6 8
1 3 8  6 7 9  2 4 5
4 2 6  5 1 8  7 3 9

2 7 5  9 4 3  6 8 1
3 8 4  1 6 7  5 9 2
9 6 1  2 8 5  4 7 3
Answer: 8
6 1 2  8 9 4  3 5 7
3 5 8  7 2 6  9 1 4
4 7 9  3 5 1  8 2 6

7 9 5  4 3 2  1 6 8
1 8 3  6 7 9  2 4 5
2 4 6  5 1 8  7 3 9

5 2 7  9 4 3  6 8 1
8 3 4  1 6 7  5 9 2
9 6 1  2 8 5  4 7 3
Answer: 9
6 1 2  8 9 4  3 5 7
8 5 3  7 2 6  9 1 4
4 7 9  3 5 1  8 2 6

7 9 5  4 3 2  1 6 8
1 3 8  6 7 9  2 4 5
2 4 6  5 1 8  7 3 9

5 2 7  9 4 3  6 8 1
3 8 4  1 6 7  5 9 2
9 6 1  2 8 5  4 7 3
Answer: 10
6 1 2  8 9 4  3 5 7
8 3 5  7 2 6  9 1 4
7 9 4  3 5 1  8 2 6

5 7 9  4 3 2  1 6 8
1 8 3  6 7 9  2 4 5
4 2 6  5 1 8  7 3 9

2 5 7  9 4 3  6 8 1
3 4 8  1 6 7  5 9 2
9 6 1  2 8 5  4 7 3
Answer: 11
6 2 1  8 9 4  3 5 7
3 5 8  7 2 6  9 1 4
7 4 9  3 5 1  8 2 6

5 9 7  4 3 2  1 6 8
1 8 3  6 7 9  2 4 5
4 6 2  5 1 8  7 3 9

2 7 5  9 4 3  6 8 1
8 3 4  1 6 7  5 9 2
9 1 6  2 8 5  4 7 3
Answer: 12
6 2 1  8 9 4  3 5 7
3 8 5  7 2 6  9 1 4
7 9 4  3 5 1  8 2 6

5 7 9  4 3 2  1 6 8
1 3 8  6 7 9  2 4 5
4 6 2  5 1 8  7 3 9

2 5 7  9 4 3  6 8 1
8 4 3  1 6 7  5 9 2
9 1 6  2 8 5  4 7 3
Answer: 13
6 2 1  8 9 4  3 5 7
8 3 5  7 2 6  9 1 4
7 9 4  3 5 1  8 2 6

5 7 9  4 3 2  1 6 8
1 8 3  6 7 9  2 4 5
4 6 2  5 1 8  7 3 9

2 5 7  9 4 3  6 8 1
3 4 8  1 6 7  5 9 2
9 1 6  2 8 5  4 7 3
Answer: 14
6 2 1  8 9 4  3 5 7
5 8 3  7 2 6  9 1 4
9 4 7  3 5 1  8 2 6

7 5 9  4 3 2  1 6 8
3 1 8  6 7 9  2 4 5
4 6 2  5 1 8  7 3 9

2 7 5  9 4 3  6 8 1
8 3 4  1 6 7  5 9 2
1 9 6  2 8 5  4 7 3
Answer: 15
6 2 1  8 9 4  3 5 7
5 8 3  7 2 6  9 1 4
7 4 9  3 5 1  8 2 6

9 7 5  4 3 2  1 6 8
3 1 8  6 7 9  2 4 5
4 6 2  5 1 8  7 3 9

2 5 7  9 4 3  6 8 1
8 3 4  1 6 7  5 9 2
1 9 6  2 8 5  4 7 3
Answer: 16
6 2 1  8 9 4  3 5 7
5 8 3  7 2 6  9 1 4
7 4 9  3 5 1  8 2 6

9 5 7  4 3 2  1 6 8
3 1 8  6 7 9  2 4 5
4 6 2  5 1 8  7 3 9

2 7 5  9 4 3  6 8 1
8 3 4  1 6 7  5 9 2
1 9 6  2 8 5  4 7 3
Answer: 17
6 1 2  8 9 4  3 5 7
8 5 3  7 2 6  9 1 4
7 4 9  3 5 1  8 2 6

9 7 5  4 3 2  1 6 8
3 8 1  6 7 9  2 4 5
2 6 4  5 1 8  7 3 9

5 2 7  9 4 3  6 8 1
4 3 8  1 6 7  5 9 2
1 9 6  2 8 5  4 7 3
Answer: 18
6 1 2  8 9 4  3 5 7
5 3 8  7 2 6  9 1 4
4 7 9  3 5 1  8 2 6

9 5 7  4 3 2  1 6 8
3 8 1  6 7 9  2 4 5
2 6 4  5 1 8  7 3 9

7 2 5  9 4 3  6 8 1
8 4 3  1 6 7  5 9 2
1 9 6  2 8 5  4 7 3
Answer: 19
6 1 2  8 9 4  3 5 7
5 8 3  7 2 6  9 1 4
4 7 9  3 5 1  8 2 6

9 5 7  4 3 2  1 6 8
8 3 1  6 7 9  2 4 5
2 6 4  5 1 8  7 3 9

7 2 5  9 4 3  6 8 1
3 4 8  1 6 7  5 9 2
1 9 6  2 8 5  4 7 3
Answer: 20
6 1 2  8 9 4  3 5 7
8 5 3  7 2 6  9 1 4
9 4 7  3 5 1  8 2 6

5 7 9  4 3 2  1 6 8
3 8 1  6 7 9  2 4 5
2 6 4  5 1 8  7 3 9

7 2 5  9 4 3  6 8 1
4 3 8  1 6 7  5 9 2
1 9 6  2 8 5  4 7 3
Answer: 21
6 2 1  8 9 4  3 5 7
3 8 5  7 2 6  9 1 4
4 9 7  3 5 1  8 2 6

5 7 9  4 3 2  1 6 8
1 3 8  6 7 9  2 4 5
2 6 4  5 1 8  7 3 9

7 5 2  9 4 3  6 8 1
8 4 3  1 6 7  5 9 2
9 1 6  2 8 5  4 7 3
Answer: 22
6 2 1  8 9 4  3 5 7
3 8 5  7 2 6  9 1 4
4 7 9  3 5 1  8 2 6

5 9 7  4 3 2  1 6 8
1 3 8  6 7 9  2 4 5
2 6 4  5 1 8  7 3 9

7 5 2  9 4 3  6 8 1
8 4 3  1 6 7  5 9 2
9 1 6  2 8 5  4 7 3
Answer: 23
6 2 1  8 9 4  3 5 7
3 8 5  7 2 6  9 1 4
4 9 7  3 5 1  8 2 6

7 5 9  4 3 2  1 6 8
1 3 8  6 7 9  2 4 5
2 6 4  5 1 8  7 3 9

5 7 2  9 4 3  6 8 1
8 4 3  1 6 7  5 9 2
9 1 6  2 8 5  4 7 3
Answer: 24
6 2 1  8 9 4  3 5 7
8 3 5  7 2 6  9 1 4
4 9 7  3 5 1  8 2 6

5 7 9  4 3 2  1 6 8
1 8 3  6 7 9  2 4 5
2 6 4  5 1 8  7 3 9

7 5 2  9 4 3  6 8 1
3 4 8  1 6 7  5 9 2
9 1 6  2 8 5  4 7 3
Answer: 25
6 2 1  8 9 4  3 5 7
8 3 5  7 2 6  9 1 4
4 9 7  3 5 1  8 2 6

7 5 9  4 3 2  1 6 8
1 8 3  6 7 9  2 4 5
2 6 4  5 1 8  7 3 9

5 7 2  9 4 3  6 8 1
3 4 8  1 6 7  5 9 2
9 1 6  2 8 5  4 7 3
Answer: 26
6 2 1  8 9 4  3 5 7
3 8 5  7 2 6  9 1 4
9 4 7  3 5 1  8 2 6

5 7 9  4 3 2  1 6 8
8 1 3  6 7 9  2 4 5
2 6 4  5 1 8  7 3 9

7 5 2  9 4 3  6 8 1
4 3 8  1 6 7  5 9 2
1 9 6  2 8 5  4 7 3
Answer: 27
6 2 1  8 9 4  3 5 7
3 8 5  7 2 6  9 1 4
9 4 7  3 5 1  8 2 6

7 5 9  4 3 2  1 6 8
8 1 3  6 7 9  2 4 5
2 6 4  5 1 8  7 3 9

5 7 2  9 4 3  6 8 1
4 3 8  1 6 7  5 9 2
1 9 6  2 8 5  4 7 3
Answer: 28
6 2 1  8 9 4  3 5 7
8 3 5  7 2 6  9 1 4
4 7 9  3 5 1  8 2 6

5 9 7  4 3 2  1 6 8
1 8 3  6 7 9  2 4 5
2 6 4  5 1 8  7 3 9

7 5 2  9 4 3  6 8 1
3 4 8  1 6 7  5 9 2
9 1 6  2 8 5  4 7 3
Answer: 29
6 2 1  8 9 4  3 5 7
3 8 5  7 2 6  9 1 4
7 4 9  3 5 1  8 2 6

9 5 7  4 3 2  1 6 8
8 1 3  6 7 9  2 4 5
2 6 4  5 1 8  7 3 9

5 7 2  9 4 3  6 8 1
4 3 8  1 6 7  5 9 2
1 9 6  2 8 5  4 7 3
Answer: 30
6 2 1  8 9 4  3 5 7
5 3 8  7 2 6  9 1 4
7 4 9  3 5 1  8 2 6

9 7 5  4 3 2  1 6 8
8 1 3  6 7 9  2 4 5
4 6 2  5 1 8  7 3 9

2 5 7  9 4 3  6 8 1
3 8 4  1 6 7  5 9 2
1 9 6  2 8 5  4 7 3
Answer: 31
6 2 1  8 9 4  3 5 7
8 3 5  7 2 6  9 1 4
9 4 7  3 5 1  8 2 6

5 7 9  4 3 2  1 6 8
3 1 8  6 7 9  2 4 5
2 6 4  5 1 8  7 3 9

7 5 2  9 4 3  6 8 1
4 8 3  1 6 7  5 9 2
1 9 6  2 8 5  4 7 3
Answer: 32
6 1 2  8 9 4  3 5 7
3 5 8  7 2 6  9 1 4
9 4 7  3 5 1  8 2 6

5 7 9  4 3 2  1 6 8
8 3 1  6 7 9  2 4 5
2 6 4  5 1 8  7 3 9

7 2 5  9 4 3  6 8 1
4 8 3  1 6 7  5 9 2
1 9 6  2 8 5  4 7 3
Answer: 33
6 1 2  8 9 4  3 5 7
3 5 8  7 2 6  9 1 4
7 4 9  3 5 1  8 2 6

9 7 5  4 3 2  1 6 8
8 3 1  6 7 9  2 4 5
2 6 4  5 1 8  7 3 9

5 2 7  9 4 3  6 8 1
4 8 3  1 6 7  5 9 2
1 9 6  2 8 5  4 7 3
Answer: 34
6 2 1  8 9 4  3 5 7
5 3 8  7 2 6  9 1 4
9 4 7  3 5 1  8 2 6

7 5 9  4 3 2  1 6 8
8 1 3  6 7 9  2 4 5
4 6 2  5 1 8  7 3 9

2 7 5  9 4 3  6 8 1
3 8 4  1 6 7  5 9 2
1 9 6  2 8 5  4 7 3
Answer: 35
6 2 1  8 9 4  3 5 7
5 3 8  7 2 6  9 1 4
7 4 9  3 5 1  8 2 6

9 5 7  4 3 2  1 6 8
8 1 3  6 7 9  2 4 5
4 6 2  5 1 8  7 3 9

2 7 5  9 4 3  6 8 1
3 8 4  1 6 7  5 9 2
1 9 6  2 8 5  4 7 3
Answer: 36
6 2 1  8 9 4  3 5 7
8 5 3  7 2 6  9 1 4
7 4 9  3 5 1  8 2 6

5 9 7  4 3 2  1 6 8
1 3 8  6 7 9  2 4 5
4 6 2  5 1 8  7 3 9

2 7 5  9 4 3  6 8 1
3 8 4  1 6 7  5 9 2
9 1 6  2 8 5  4 7 3
Answer: 37
6 2 1  8 9 4  3 5 7
8 3 5  7 2 6  9 1 4
9 4 7  3 5 1  8 2 6

7 5 9  4 3 2  1 6 8
3 1 8  6 7 9  2 4 5
2 6 4  5 1 8  7 3 9

5 7 2  9 4 3  6 8 1
4 8 3  1 6 7  5 9 2
1 9 6  2 8 5  4 7 3
Answer: 38
6 2 1  8 9 4  3 5 7
8 3 5  7 2 6  9 1 4
7 4 9  3 5 1  8 2 6

9 5 7  4 3 2  1 6 8
3 1 8  6 7 9  2 4 5
2 6 4  5 1 8  7 3 9

5 7 2  9 4 3  6 8 1
4 8 3  1 6 7  5 9 2
1 9 6  2 8 5  4 7 3
Answer: 39
6 2 1  8 9 4  3 5 7
5 8 3  7 2 6  9 1 4
4 9 7  3 5 1  8 2 6

9 7 5  4 3 2  1 6 8
3 1 8  6 7 9  2 4 5
2 4 6  5 1 8  7 3 9

7 5 2  9 4 3  6 8 1
8 3 4  1 6 7  5 9 2
1 6 9  2 8 5  4 7 3
Answer: 40
6 2 1  8 9 4  3 5 7
5 3 8  7 2 6  9 1 4
4 9 7  3 5 1  8 2 6

9 7 5  4 3 2  1 6 8
8 1 3  6 7 9  2 4 5
2 4 6  5 1 8  7 3 9

7 5 2  9 4 3  6 8 1
3 8 4  1 6 7  5 9 2
1 6 9  2 8 5  4 7 3
Answer: 41
6 2 1  8 9 4  3 5 7
3 8 5  7 2 6  9 1 4
9 7 4  3 5 1  8 2 6

5 9 7  4 3 2  1 6 8
8 1 3  6 7 9  2 4 5
2 4 6  5 1 8  7 3 9

7 5 2  9 4 3  6 8 1
4 3 8  1 6 7  5 9 2
1 6 9  2 8 5  4 7 3
Answer: 42
6 2 1  8 9 4  3 5 7
8 3 5  7 2 6  9 1 4
9 7 4  3 5 1  8 2 6

5 9 7  4 3 2  1 6 8
3 1 8  6 7 9  2 4 5
2 4 6  5 1 8  7 3 9

7 5 2  9 4 3  6 8 1
4 8 3  1 6 7  5 9 2
1 6 9  2 8 5  4 7 3
Answer: 43
6 1 2  8 9 4  3 5 7
8 5 3  7 2 6  9 1 4
9 7 4  3 5 1  8 2 6

5 9 7  4 3 2  1 6 8
3 8 1  6 7 9  2 4 5
2 4 6  5 1 8  7 3 9

7 2 5  9 4 3  6 8 1
4 3 8  1 6 7  5 9 2
1 6 9  2 8 5  4 7 3
Answer: 44
6 1 2  8 9 4  3 5 7
5 3 8  7 2 6  9 1 4
9 7 4  3 5 1  8 2 6

7 9 5  4 3 2  1 6 8
3 8 1  6 7 9  2 4 5
4 2 6  5 1 8  7 3 9

2 5 7  9 4 3  6 8 1
8 4 3  1 6 7  5 9 2
1 6 9  2 8 5  4 7 3
Answer: 45
6 1 2  8 9 4  3 5 7
5 8 3  7 2 6  9 1 4
9 7 4  3 5 1  8 2 6

7 9 5  4 3 2  1 6 8
8 3 1  6 7 9  2 4 5
4 2 6  5 1 8  7 3 9

2 5 7  9 4 3  6 8 1
3 4 8  1 6 7  5 9 2
1 6 9  2 8 5  4 7 3
Answer: 46
6 1 2  8 9 4  3 5 7
8 5 3  7 2 6  9 1 4
9 7 4  3 5 1  8 2 6

7 9 5  4 3 2  1 6 8
3 8 1  6 7 9  2 4 5
2 4 6  5 1 8  7 3 9

5 2 7  9 4 3  6 8 1
4 3 8  1 6 7  5 9 2
1 6 9  2 8 5  4 7 3
Answer: 47
6 1 2  8 9 4  3 5 7
3 5 8  7 2 6  9 1 4
9 7 4  3 5 1  8 2 6

5 9 7  4 3 2  1 6 8
8 3 1  6 7 9  2 4 5
2 4 6  5 1 8  7 3 9

7 2 5  9 4 3  6 8 1
4 8 3  1 6 7  5 9 2
1 6 9  2 8 5  4 7 3
Answer: 48
6 1 2  8 9 4  3 5 7
3 5 8  7 2 6  9 1 4
9 7 4  3 5 1  8 2 6

7 9 5  4 3 2  1 6 8
8 3 1  6 7 9  2 4 5
2 4 6  5 1 8  7 3 9

5 2 7  9 4 3  6 8 1
4 8 3  1 6 7  5 9 2
1 6 9  2 8 5  4 7 3
Answer: 49
6 1 2  8 9 4  3 5 7
5 8 3  7 2 6  9 1 4
7 9 4  3 5 1  8 2 6

9 5 7  4 3 2  1 6 8
8 3 1  6 7 9  2 4 5
4 2 6  5 1 8  7 3 9

2 7 5  9 4 3  6 8 1
3 4 8  1 6 7  5 9 2
1 6 9  2 8 5  4 7 3
Answer: 50
6 1 2  8 9 4  3 5 7
5 3 8  7 2 6  9 1 4
7 9 4  3 5 1  8 2 6

9 5 7  4 3 2  1 6 8
3 8 1  6 7 9  2 4 5
4 2 6  5 1 8  7 3 9

2 7 5  9 4 3  6 8 1
8 4 3  1 6 7  5 9 2
1 6 9  2 8 5  4 7 3
Answer: 51
6 2 1  8 9 4  3 5 7
3 8 5  7 2 6  9 1 4
7 9 4  3 5 1  8 2 6

9 5 7  4 3 2  1 6 8
8 1 3  6 7 9  2 4 5
2 4 6  5 1 8  7 3 9

5 7 2  9 4 3  6 8 1
4 3 8  1 6 7  5 9 2
1 6 9  2 8 5  4 7 3
Answer: 52
6 2 1  8 9 4  3 5 7
8 3 5  7 2 6  9 1 4
7 9 4  3 5 1  8 2 6

9 5 7  4 3 2  1 6 8
3 1 8  6 7 9  2 4 5
2 4 6  5 1 8  7 3 9

5 7 2  9 4 3  6 8 1
4 8 3  1 6 7  5 9 2
1 6 9  2 8 5  4 7 3
Answer: 53
6 1 2  8 9 4  3 5 7
5 8 3  7 2 6  9 1 4
7 9 4  3 5 1  8 2 6

9 7 5  4 3 2  1 6 8
8 3 1  6 7 9  2 4 5
4 2 6  5 1 8  7 3 9

2 5 7  9 4 3  6 8 1
3 4 8  1 6 7  5 9 2
1 6 9  2 8 5  4 7 3
Answer: 54
6 1 2  8 9 4  3 5 7
8 5 3  7 2 6  9 1 4
7 9 4  3 5 1  8 2 6

9 7 5  4 3 2  1 6 8
3 8 1  6 7 9  2 4 5
2 4 6  5 1 8  7 3 9

5 2 7  9 4 3  6 8 1
4 3 8  1 6 7  5 9 2
1 6 9  2 8 5  4 7 3
Answer: 55
6 1 2  8 9 4  3 5 7
5 3 8  7 2 6  9 1 4
7 9 4  3 5 1  8 2 6

9 7 5  4 3 2  1 6 8
3 8 1  6 7 9  2 4 5
4 2 6  5 1 8  7 3 9

2 5 7  9 4 3  6 8 1
8 4 3  1 6 7  5 9 2
1 6 9  2 8 5  4 7 3
Answer: 56
6 1 2  8 9 4  3 5 7
3 5 8  7 2 6  9 1 4
7 9 4  3 5 1  8 2 6

9 7 5  4 3 2  1 6 8
8 3 1  6 7 9  2 4 5
2 4 6  5 1 8  7 3 9

5 2 7  9 4 3  6 8 1
4 8 3  1 6 7  5 9 2
1 6 9  2 8 5  4 7 3
Answer: 57
2 6 1  8 9 4  3 5 7
8 3 5  7 2 6  9 1 4
4 9 7  3 5 1  8 2 6

5 7 9  4 3 2  1 6 8
1 8 3  6 7 9  2 4 5
6 2 4  5 1 8  7 3 9

7 5 2  9 4 3  6 8 1
3 4 8  1 6 7  5 9 2
9 1 6  2 8 5  4 7 3
Answer: 58
2 6 1  8 9 4  3 5 7
3 8 5  7 2 6  9 1 4
9 4 7  3 5 1  8 2 6

5 7 9  4 3 2  1 6 8
8 1 3  6 7 9  2 4 5
6 2 4  5 1 8  7 3 9

7 5 2  9 4 3  6 8 1
4 3 8  1 6 7  5 9 2
1 9 6  2 8 5  4 7 3
Answer: 59
2 6 1  8 9 4  3 5 7
8 3 5  7 2 6  9 1 4
4 7 9  3 5 1  8 2 6

5 9 7  4 3 2  1 6 8
1 8 3  6 7 9  2 4 5
6 2 4  5 1 8  7 3 9

7 5 2  9 4 3  6 8 1
3 4 8  1 6 7  5 9 2
9 1 6  2 8 5  4 7 3
Answer: 60
2 6 1  8 9 4  3 5 7
8 3 5  7 2 6  9 1 4
9 4 7  3 5 1  8 2 6

5 7 9  4 3 2  1 6 8
3 1 8  6 7 9  2 4 5
6 2 4  5 1 8  7 3 9

7 5 2  9 4 3  6 8 1
4 8 3  1 6 7  5 9 2
1 9 6  2 8 5  4 7 3
Answer: 61
2 6 1  8 9 4  3 5 7
3 8 5  7 2 6  9 1 4
4 9 7  3 5 1  8 2 6

5 7 9  4 3 2  1 6 8
1 3 8  6 7 9  2 4 5
6 2 4  5 1 8  7 3 9

7 5 2  9 4 3  6 8 1
8 4 3  1 6 7  5 9 2
9 1 6  2 8 5  4 7 3
Answer: 62
2 6 1  8 9 4  3 5 7
3 8 5  7 2 6  9 1 4
4 7 9  3 5 1  8 2 6

5 9 7  4 3 2  1 6 8
1 3 8  6 7 9  2 4 5
6 2 4  5 1 8  7 3 9

7 5 2  9 4 3  6 8 1
8 4 3  1 6 7  5 9 2
9 1 6  2 8 5  4 7 3
Answer: 63
2 1 6  8 9 4  3 5 7
5 8 3  7 2 6  9 1 4
4 9 7  3 5 1  8 2 6

9 7 5  4 3 2  1 6 8
8 3 1  6 7 9  2 4 5
6 2 4  5 1 8  7 3 9

7 5 2  9 4 3  6 8 1
3 4 8  1 6 7  5 9 2
1 6 9  2 8 5  4 7 3
Answer: 64
2 1 6  8 9 4  3 5 7
5 3 8  7 2 6  9 1 4
4 9 7  3 5 1  8 2 6

9 7 5  4 3 2  1 6 8
3 8 1  6 7 9  2 4 5
6 2 4  5 1 8  7 3 9

7 5 2  9 4 3  6 8 1
8 4 3  1 6 7  5 9 2
1 6 9  2 8 5  4 7 3
Answer: 65
2 1 6  8 9 4  3 5 7
8 3 5  7 2 6  9 1 4
4 9 7  3 5 1  8 2 6

5 7 9  4 3 2  1 6 8
1 8 3  6 7 9  2 4 5
6 2 4  5 1 8  7 3 9

7 5 2  9 4 3  6 8 1
3 4 8  1 6 7  5 9 2
9 6 1  2 8 5  4 7 3
Answer: 66
2 1 6  8 9 4  3 5 7
3 8 5  7 2 6  9 1 4
4 9 7  3 5 1  8 2 6

5 7 9  4 3 2  1 6 8
1 3 8  6 7 9  2 4 5
6 2 4  5 1 8  7 3 9

7 5 2  9 4 3  6 8 1
8 4 3  1 6 7  5 9 2
9 6 1  2 8 5  4 7 3
Answer: 67
2 1 6  8 9 4  3 5 7
8 3 5  7 2 6  9 1 4
4 7 9  3 5 1  8 2 6

5 9 7  4 3 2  1 6 8
1 8 3  6 7 9  2 4 5
6 2 4  5 1 8  7 3 9

7 5 2  9 4 3  6 8 1
3 4 8  1 6 7  5 9 2
9 6 1  2 8 5  4 7 3
Answer: 68
2 1 6  8 9 4  3 5 7
3 8 5  7 2 6  9 1 4
4 7 9  3 5 1  8 2 6

5 9 7  4 3 2  1 6 8
1 3 8  6 7 9  2 4 5
6 2 4  5 1 8  7 3 9

7 5 2  9 4 3  6 8 1
8 4 3  1 6 7  5 9 2
9 6 1  2 8 5  4 7 3
Answer: 69
2 6 1  8 9 4  3 5 7
8 3 5  7 2 6  9 1 4
9 7 4  3 5 1  8 2 6

5 9 7  4 3 2  1 6 8
1 8 3  6 7 9  2 4 5
4 2 6  5 1 8  7 3 9

7 5 2  9 4 3  6 8 1
3 4 8  1 6 7  5 9 2
6 1 9  2 8 5  4 7 3
Answer: 70
2 1 6  8 9 4  3 5 7
8 5 3  7 2 6  9 1 4
9 7 4  3 5 1  8 2 6

5 9 7  4 3 2  1 6 8
3 8 1  6 7 9  2 4 5
6 4 2  5 1 8  7 3 9

7 2 5  9 4 3  6 8 1
4 3 8  1 6 7  5 9 2
1 6 9  2 8 5  4 7 3
Answer: 71
2 6 1  8 9 4  3 5 7
3 8 5  7 2 6  9 1 4
9 7 4  3 5 1  8 2 6

5 9 7  4 3 2  1 6 8
1 3 8  6 7 9  2 4 5
4 2 6  5 1 8  7 3 9

7 5 2  9 4 3  6 8 1
8 4 3  1 6 7  5 9 2
6 1 9  2 8 5  4 7 3
Answer: 72
2 1 6  8 9 4  3 5 7
3 5 8  7 2 6  9 1 4
9 7 4  3 5 1  8 2 6

5 9 7  4 3 2  1 6 8
8 3 1  6 7 9  2 4 5
6 4 2  5 1 8  7 3 9

7 2 5  9 4 3  6 8 1
4 8 3  1 6 7  5 9 2
1 6 9  2 8 5  4 7 3
Answer: 73
2 6 1  8 9 4  3 5 7
5 8 3  7 2 6  9 1 4
4 7 9  3 5 1  8 2 6

9 5 7  4 3 2  1 6 8
3 1 8  6 7 9  2 4 5
6 4 2  5 1 8  7 3 9

7 2 5  9 4 3  6 8 1
8 3 4  1 6 7  5 9 2
1 9 6  2 8 5  4 7 3
Answer: 74
2 6 1  8 9 4  3 5 7
5 3 8  7 2 6  9 1 4
4 7 9  3 5 1  8 2 6

9 5 7  4 3 2  1 6 8
8 1 3  6 7 9  2 4 5
6 4 2  5 1 8  7 3 9

7 2 5  9 4 3  6 8 1
3 8 4  1 6 7  5 9 2
1 9 6  2 8 5  4 7 3
Answer: 75
2 1 6  8 9 4  3 5 7
8 5 3  7 2 6  9 1 4
4 7 9  3 5 1  8 2 6

5 9 7  4 3 2  1 6 8
1 3 8  6 7 9  2 4 5
6 4 2  5 1 8  7 3 9

7 2 5  9 4 3  6 8 1
3 8 4  1 6 7  5 9 2
9 6 1  2 8 5  4 7 3
Answer: 76
2 1 6  8 9 4  3 5 7
3 5 8  7 2 6  9 1 4
4 7 9  3 5 1  8 2 6

5 9 7  4 3 2  1 6 8
1 8 3  6 7 9  2 4 5
6 4 2  5 1 8  7 3 9

7 2 5  9 4 3  6 8 1
8 3 4  1 6 7  5 9 2
9 6 1  2 8 5  4 7 3
Answer: 77
2 6 1  8 9 4  3 5 7
8 5 3  7 2 6  9 1 4
4 7 9  3 5 1  8 2 6

5 9 7  4 3 2  1 6 8
1 3 8  6 7 9  2 4 5
6 4 2  5 1 8  7 3 9

7 2 5  9 4 3  6 8 1
3 8 4  1 6 7  5 9 2
9 1 6  2 8 5  4 7 3
Answer: 78
2 6 1  8 9 4  3 5 7
3 5 8  7 2 6  9 1 4
4 7 9  3 5 1  8 2 6

5 9 7  4 3 2  1 6 8
1 8 3  6 7 9  2 4 5
6 4 2  5 1 8  7 3 9

7 2 5  9 4 3  6 8 1
8 3 4  1 6 7  5 9 2
9 1 6  2 8 5  4 7 3
Answer: 79
2 1 6  8 9 4  3 5 7
3 5 8  7 2 6  9 1 4
9 4 7  3 5 1  8 2 6

5 7 9  4 3 2  1 6 8
1 8 3  6 7 9  2 4 5
4 6 2  5 1 8  7 3 9

7 2 5  9 4 3  6 8 1
8 3 4  1 6 7  5 9 2
6 9 1  2 8 5  4 7 3
Answer: 80
2 1 6  8 9 4  3 5 7
8 5 3  7 2 6  9 1 4
9 4 7  3 5 1  8 2 6

5 7 9  4 3 2  1 6 8
1 3 8  6 7 9  2 4 5
4 6 2  5 1 8  7 3 9

7 2 5  9 4 3  6 8 1
3 8 4  1 6 7  5 9 2
6 9 1  2 8 5  4 7 3
Answer: 81
2 1 6  8 9 4  3 5 7
8 5 3  7 2 6  9 1 4
4 9 7  3 5 1  8 2 6

5 7 9  4 3 2  1 6 8
1 3 8  6 7 9  2 4 5
6 4 2  5 1 8  7 3 9

7 2 5  9 4 3  6 8 1
3 8 4  1 6 7  5 9 2
9 6 1  2 8 5  4 7 3
Answer: 82
2 1 6  8 9 4  3 5 7
3 5 8  7 2 6  9 1 4
4 9 7  3 5 1  8 2 6

5 7 9  4 3 2  1 6 8
1 8 3  6 7 9  2 4 5
6 4 2  5 1 8  7 3 9

7 2 5  9 4 3  6 8 1
8 3 4  1 6 7  5 9 2
9 6 1  2 8 5  4 7 3
Answer: 83
2 6 1  8 9 4  3 5 7
8 5 3  7 2 6  9 1 4
4 9 7  3 5 1  8 2 6

5 7 9  4 3 2  1 6 8
1 3 8  6 7 9  2 4 5
6 4 2  5 1 8  7 3 9

7 2 5  9 4 3  6 8 1
3 8 4  1 6 7  5 9 2
9 1 6  2 8 5  4 7 3
Answer: 84
2 6 1  8 9 4  3 5 7
3 5 8  7 2 6  9 1 4
4 9 7  3 5 1  8 2 6

5 7 9  4 3 2  1 6 8
1 8 3  6 7 9  2 4 5
6 4 2  5 1 8  7 3 9

7 2 5  9 4 3  6 8 1
8 3 4  1 6 7  5 9 2
9 1 6  2 8 5  4 7 3
Answer: 85
2 1 6  8 9 4  3 5 7
3 5 8  7 2 6  9 1 4
4 7 9  3 5 1  8 2 6

7 9 5  4 3 2  1 6 8
1 8 3  6 7 9  2 4 5
6 4 2  5 1 8  7 3 9

5 2 7  9 4 3  6 8 1
8 3 4  1 6 7  5 9 2
9 6 1  2 8 5  4 7 3
Answer: 86
2 1 6  8 9 4  3 5 7
8 5 3  7 2 6  9 1 4
4 7 9  3 5 1  8 2 6

7 9 5  4 3 2  1 6 8
1 3 8  6 7 9  2 4 5
6 4 2  5 1 8  7 3 9

5 2 7  9 4 3  6 8 1
3 8 4  1 6 7  5 9 2
9 6 1  2 8 5  4 7 3
Answer: 87
2 1 6  8 9 4  3 5 7
3 5 8  7 2 6  9 1 4
9 7 4  3 5 1  8 2 6

7 9 5  4 3 2  1 6 8
8 3 1  6 7 9  2 4 5
6 4 2  5 1 8  7 3 9

5 2 7  9 4 3  6 8 1
4 8 3  1 6 7  5 9 2
1 6 9  2 8 5  4 7 3
Answer: 88
2 1 6  8 9 4  3 5 7
8 5 3  7 2 6  9 1 4
9 7 4  3 5 1  8 2 6

7 9 5  4 3 2  1 6 8
3 8 1  6 7 9  2 4 5
6 4 2  5 1 8  7 3 9

5 2 7  9 4 3  6 8 1
4 3 8  1 6 7  5 9 2
1 6 9  2 8 5  4 7 3
Answer: 89
2 6 1  8 9 4  3 5 7
3 8 5  7 2 6  9 1 4
9 7 4  3 5 1  8 2 6

7 5 9  4 3 2  1 6 8
8 1 3  6 7 9  2 4 5
6 4 2  5 1 8  7 3 9

5 2 7  9 4 3  6 8 1
4 3 8  1 6 7  5 9 2
1 9 6  2 8 5  4 7 3
Answer: 90
2 6 1  8 9 4  3 5 7
8 3 5  7 2 6  9 1 4
9 7 4  3 5 1  8 2 6

7 5 9  4 3 2  1 6 8
3 1 8  6 7 9  2 4 5
6 4 2  5 1 8  7 3 9

5 2 7  9 4 3  6 8 1
4 8 3  1 6 7  5 9 2
1 9 6  2 8 5  4 7 3
Answer: 91
2 1 6  8 9 4  3 5 7
3 8 5  7 2 6  9 1 4
9 7 4  3 5 1  8 2 6

7 5 9  4 3 2  1 6 8
1 3 8  6 7 9  2 4 5
4 6 2  5 1 8  7 3 9

5 2 7  9 4 3  6 8 1
8 4 3  1 6 7  5 9 2
6 9 1  2 8 5  4 7 3
Answer: 92
2 1 6  8 9 4  3 5 7
8 3 5  7 2 6  9 1 4
9 7 4  3 5 1  8 2 6

7 5 9  4 3 2  1 6 8
1 8 3  6 7 9  2 4 5
4 6 2  5 1 8  7 3 9

5 2 7  9 4 3  6 8 1
3 4 8  1 6 7  5 9 2
6 9 1  2 8 5  4 7 3
Answer: 93
2 1 6  8 9 4  3 5 7
3 5 8  7 2 6  9 1 4
7 4 9  3 5 1  8 2 6

9 7 5  4 3 2  1 6 8
1 8 3  6 7 9  2 4 5
4 6 2  5 1 8  7 3 9

5 2 7  9 4 3  6 8 1
8 3 4  1 6 7  5 9 2
6 9 1  2 8 5  4 7 3
Answer: 94
2 1 6  8 9 4  3 5 7
8 5 3  7 2 6  9 1 4
7 4 9  3 5 1  8 2 6

9 7 5  4 3 2  1 6 8
1 3 8  6 7 9  2 4 5
4 6 2  5 1 8  7 3 9

5 2 7  9 4 3  6 8 1
3 8 4  1 6 7  5 9 2
6 9 1  2 8 5  4 7 3
Answer: 95
2 1 6  8 9 4  3 5 7
3 5 8  7 2 6  9 1 4
7 9 4  3 5 1  8 2 6

9 7 5  4 3 2  1 6 8
8 3 1  6 7 9  2 4 5
6 4 2  5 1 8  7 3 9

5 2 7  9 4 3  6 8 1
4 8 3  1 6 7  5 9 2
1 6 9  2 8 5  4 7 3
Answer: 96
2 1 6  8 9 4  3 5 7
8 5 3  7 2 6  9 1 4
7 9 4  3 5 1  8 2 6

9 7 5  4 3 2  1 6 8
3 8 1  6 7 9  2 4 5
6 4 2  5 1 8  7 3 9

5 2 7  9 4 3  6 8 1
4 3 8  1 6 7  5 9 2
1 6 9  2 8 5  4 7 3
Answer: 97
2 6 1  8 9 4  3 5 7
3 5 8  7 2 6  9 1 4
4 7 9  3 5 1  8 2 6

7 9 5  4 3 2  1 6 8
1 8 3  6 7 9  2 4 5
6 4 2  5 1 8  7 3 9

5 2 7  9 4 3  6 8 1
8 3 4  1 6 7  5 9 2
9 1 6  2 8 5  4 7 3
Answer: 98
2 6 1  8 9 4  3 5 7
8 5 3  7 2 6  9 1 4
4 7 9  3 5 1  8 2 6

7 9 5  4 3 2  1 6 8
1 3 8  6 7 9  2 4 5
6 4 2  5 1 8  7 3 9

5 2 7  9 4 3  6 8 1
3 8 4  1 6 7  5 9 2
9 1 6  2 8 5  4 7 3
Answer: 99
2 6 1  8 9 4  3 5 7
3 8 5  7 2 6  9 1 4
7 9 4  3 5 1  8 2 6

9 5 7  4 3 2  1 6 8
1 3 8  6 7 9  2 4 5
4 2 6  5 1 8  7 3 9

5 7 2  9 4 3  6 8 1
8 4 3  1 6 7  5 9 2
6 1 9  2 8 5  4 7 3
Answer: 100
2 6 1  8 9 4  3 5 7
8 3 5  7 2 6  9 1 4
7 9 4  3 5 1  8 2 6

9 5 7  4 3 2  1 6 8
1 8 3  6 7 9  2 4 5
4 2 6  5 1 8  7 3 9

5 7 2  9 4 3  6 8 1
3 4 8  1 6 7  5 9 2
6 1 9  2 8 5  4 7 3
Answer: 101
2 6 1  8 9 4  3 5 7
3 5 8  7 2 6  9 1 4
9 4 7  3 5 1  8 2 6

7 9 5  4 3 2  1 6 8
1 8 3  6 7 9  2 4 5
4 2 6  5 1 8  7 3 9

5 7 2  9 4 3  6 8 1
8 3 4  1 6 7  5 9 2
6 1 9  2 8 5  4 7 3
Answer: 102
2 6 1  8 9 4  3 5 7
8 5 3  7 2 6  9 1 4
9 4 7  3 5 1  8 2 6

7 9 5  4 3 2  1 6 8
1 3 8  6 7 9  2 4 5
4 2 6  5 1 8  7 3 9

5 7 2  9 4 3  6 8 1
3 8 4  1 6 7  5 9 2
6 1 9  2 8 5  4 7 3
Answer: 103
2 1 6  8 9 4  3 5 7
3 5 8  7 2 6  9 1 4
9 4 7  3 5 1  8 2 6

7 9 5  4 3 2  1 6 8
8 3 1  6 7 9  2 4 5
6 2 4  5 1 8  7 3 9

5 7 2  9 4 3  6 8 1
4 8 3  1 6 7  5 9 2
1 6 9  2 8 5  4 7 3
Answer: 104
2 1 6  8 9 4  3 5 7
8 5 3  7 2 6  9 1 4
9 4 7  3 5 1  8 2 6

7 9 5  4 3 2  1 6 8
3 8 1  6 7 9  2 4 5
6 2 4  5 1 8  7 3 9

5 7 2  9 4 3  6 8 1
4 3 8  1 6 7  5 9 2
1 6 9  2 8 5  4 7 3
Answer: 105
2 1 6  8 9 4  3 5 7
3 8 5  7 2 6  9 1 4
4 9 7  3 5 1  8 2 6

7 5 9  4 3 2  1 6 8
1 3 8  6 7 9  2 4 5
6 2 4  5 1 8  7 3 9

5 7 2  9 4 3  6 8 1
8 4 3  1 6 7  5 9 2
9 6 1  2 8 5  4 7 3
Answer: 106
2 1 6  8 9 4  3 5 7
8 3 5  7 2 6  9 1 4
4 9 7  3 5 1  8 2 6

7 5 9  4 3 2  1 6 8
1 8 3  6 7 9  2 4 5
6 2 4  5 1 8  7 3 9

5 7 2  9 4 3  6 8 1
3 4 8  1 6 7  5 9 2
9 6 1  2 8 5  4 7 3
Answer: 107
2 6 1  8 9 4  3 5 7
8 3 5  7 2 6  9 1 4
9 4 7  3 5 1  8 2 6

7 5 9  4 3 2  1 6 8
3 1 8  6 7 9  2 4 5
6 2 4  5 1 8  7 3 9

5 7 2  9 4 3  6 8 1
4 8 3  1 6 7  5 9 2
1 9 6  2 8 5  4 7 3
Answer: 108
2 6 1  8 9 4  3 5 7
8 3 5  7 2 6  9 1 4
7 4 9  3 5 1  8 2 6

9 5 7  4 3 2  1 6 8
3 1 8  6 7 9  2 4 5
6 2 4  5 1 8  7 3 9

5 7 2  9 4 3  6 8 1
4 8 3  1 6 7  5 9 2
1 9 6  2 8 5  4 7 3
Answer: 109
2 6 1  8 9 4  3 5 7
3 8 5  7 2 6  9 1 4
9 4 7  3 5 1  8 2 6

7 5 9  4 3 2  1 6 8
8 1 3  6 7 9  2 4 5
6 2 4  5 1 8  7 3 9

5 7 2  9 4 3  6 8 1
4 3 8  1 6 7  5 9 2
1 9 6  2 8 5  4 7 3
Answer: 110
2 6 1  8 9 4  3 5 7
3 8 5  7 2 6  9 1 4
7 4 9  3 5 1  8 2 6

9 5 7  4 3 2  1 6 8
8 1 3  6 7 9  2 4 5
6 2 4  5 1 8  7 3 9

5 7 2  9 4 3  6 8 1
4 3 8  1 6 7  5 9 2
1 9 6  2 8 5  4 7 3
Answer: 111
2 6 1  8 9 4  3 5 7
8 3 5  7 2 6  9 1 4
4 9 7  3 5 1  8 2 6

7 5 9  4 3 2  1 6 8
1 8 3  6 7 9  2 4 5
6 2 4  5 1 8  7 3 9

5 7 2  9 4 3  6 8 1
3 4 8  1 6 7  5 9 2
9 1 6  2 8 5  4 7 3
Answer: 112
2 6 1  8 9 4  3 5 7
3 8 5  7 2 6  9 1 4
4 9 7  3 5 1  8 2 6

7 5 9  4 3 2  1 6 8
1 3 8  6 7 9  2 4 5
6 2 4  5 1 8  7 3 9

5 7 2  9 4 3  6 8 1
8 4 3  1 6 7  5 9 2
9 1 6  2 8 5  4 7 3
Answer: 113
1 2 6  8 9 4  3 5 7
8 3 5  7 2 6  9 1 4
7 9 4  3 5 1  8 2 6

5 7 9  4 3 2  1 6 8
3 1 8  6 7 9  2 4 5
6 4 2  5 1 8  7 3 9

2 5 7  9 4 3  6 8 1
4 8 3  1 6 7  5 9 2
9 6 1  2 8 5  4 7 3
Answer: 114
1 2 6  8 9 4  3 5 7
5 3 8  7 2 6  9 1 4
4 7 9  3 5 1  8 2 6

7 9 5  4 3 2  1 6 8
8 1 3  6 7 9  2 4 5
6 4 2  5 1 8  7 3 9

2 5 7  9 4 3  6 8 1
3 8 4  1 6 7  5 9 2
9 6 1  2 8 5  4 7 3
Answer: 115
1 2 6  8 9 4  3 5 7
5 3 8  7 2 6  9 1 4
4 9 7  3 5 1  8 2 6

7 5 9  4 3 2  1 6 8
8 1 3  6 7 9  2 4 5
6 4 2  5 1 8  7 3 9

2 7 5  9 4 3  6 8 1
3 8 4  1 6 7  5 9 2
9 6 1  2 8 5  4 7 3
Answer: 116
1 2 6  8 9 4  3 5 7
3 8 5  7 2 6  9 1 4
7 9 4  3 5 1  8 2 6

5 7 9  4 3 2  1 6 8
8 1 3  6 7 9  2 4 5
6 4 2  5 1 8  7 3 9

2 5 7  9 4 3  6 8 1
4 3 8  1 6 7  5 9 2
9 6 1  2 8 5  4 7 3
Answer: 117
1 2 6  8 9 4  3 5 7
5 8 3  7 2 6  9 1 4
4 7 9  3 5 1  8 2 6

7 9 5  4 3 2  1 6 8
3 1 8  6 7 9  2 4 5
6 4 2  5 1 8  7 3 9

2 5 7  9 4 3  6 8 1
8 3 4  1 6 7  5 9 2
9 6 1  2 8 5  4 7 3
Answer: 118
1 2 6  8 9 4  3 5 7
5 8 3  7 2 6  9 1 4
4 9 7  3 5 1  8 2 6

7 5 9  4 3 2  1 6 8
3 1 8  6 7 9  2 4 5
6 4 2  5 1 8  7 3 9

2 7 5  9 4 3  6 8 1
8 3 4  1 6 7  5 9 2
9 6 1  2 8 5  4 7 3
Answer: 119
1 2 6  8 9 4  3 5 7
5 8 3  7 2 6  9 1 4
4 9 7  3 5 1  8 2 6

9 7 5  4 3 2  1 6 8
8 3 1  6 7 9  2 4 5
2 6 4  5 1 8  7 3 9

7 5 2  9 4 3  6 8 1
3 4 8  1 6 7  5 9 2
6 1 9  2 8 5  4 7 3
Answer: 120
1 2 6  8 9 4  3 5 7
5 8 3  7 2 6  9 1 4
7 9 4  3 5 1  8 2 6

9 7 5  4 3 2  1 6 8
8 3 1  6 7 9  2 4 5
4 6 2  5 1 8  7 3 9

2 5 7  9 4 3  6 8 1
3 4 8  1 6 7  5 9 2
6 1 9  2 8 5  4 7 3
Answer: 121
1 2 6  8 9 4  3 5 7
5 8 3  7 2 6  9 1 4
9 7 4  3 5 1  8 2 6

7 9 5  4 3 2  1 6 8
8 3 1  6 7 9  2 4 5
4 6 2  5 1 8  7 3 9

2 5 7  9 4 3  6 8 1
3 4 8  1 6 7  5 9 2
6 1 9  2 8 5  4 7 3
Answer: 122
1 2 6  8 9 4  3 5 7
5 8 3  7 2 6  9 1 4
7 9 4  3 5 1  8 2 6

9 5 7  4 3 2  1 6 8
8 3 1  6 7 9  2 4 5
4 6 2  5 1 8  7 3 9

2 7 5  9 4 3  6 8 1
3 4 8  1 6 7  5 9 2
6 1 9  2 8 5  4 7 3
Answer: 123
1 2 6  8 9 4  3 5 7
5 3 8  7 2 6  9 1 4
4 9 7  3 5 1  8 2 6

9 7 5  4 3 2  1 6 8
3 8 1  6 7 9  2 4 5
2 6 4  5 1 8  7 3 9

7 5 2  9 4 3  6 8 1
8 4 3  1 6 7  5 9 2
6 1 9  2 8 5  4 7 3
Answer: 124
1 2 6  8 9 4  3 5 7
5 3 8  7 2 6  9 1 4
7 9 4  3 5 1  8 2 6

9 7 5  4 3 2  1 6 8
3 8 1  6 7 9  2 4 5
4 6 2  5 1 8  7 3 9

2 5 7  9 4 3  6 8 1
8 4 3  1 6 7  5 9 2
6 1 9  2 8 5  4 7 3
Answer: 125
1 2 6  8 9 4  3 5 7
5 3 8  7 2 6  9 1 4
9 7 4  3 5 1  8 2 6

7 9 5  4 3 2  1 6 8
3 8 1  6 7 9  2 4 5
4 6 2  5 1 8  7 3 9

2 5 7  9 4 3  6 8 1
8 4 3  1 6 7  5 9 2
6 1 9  2 8 5  4 7 3
Answer: 126
1 2 6  8 9 4  3 5 7
5 3 8  7 2 6  9 1 4
7 9 4  3 5 1  8 2 6

9 5 7  4 3 2  1 6 8
3 8 1  6 7 9  2 4 5
4 6 2  5 1 8  7 3 9

2 7 5  9 4 3  6 8 1
8 4 3  1 6 7  5 9 2
6 1 9  2 8 5  4 7 3
Answer: 127
1 2 6  8 9 4  3 5 7
8 3 5  7 2 6  9 1 4
9 4 7  3 5 1  8 2 6

5 7 9  4 3 2  1 6 8
3 1 8  6 7 9  2 4 5
2 6 4  5 1 8  7 3 9

7 5 2  9 4 3  6 8 1
4 8 3  1 6 7  5 9 2
6 9 1  2 8 5  4 7 3
Answer: 128
1 2 6  8 9 4  3 5 7
8 3 5  7 2 6  9 1 4
7 4 9  3 5 1  8 2 6

9 5 7  4 3 2  1 6 8
3 1 8  6 7 9  2 4 5
2 6 4  5 1 8  7 3 9

5 7 2  9 4 3  6 8 1
4 8 3  1 6 7  5 9 2
6 9 1  2 8 5  4 7 3
Answer: 129
1 2 6  8 9 4  3 5 7
8 3 5  7 2 6  9 1 4
9 4 7  3 5 1  8 2 6

7 5 9  4 3 2  1 6 8
3 1 8  6 7 9  2 4 5
2 6 4  5 1 8  7 3 9

5 7 2  9 4 3  6 8 1
4 8 3  1 6 7  5 9 2
6 9 1  2 8 5  4 7 3
Answer: 130
1 2 6  8 9 4  3 5 7
5 3 8  7 2 6  9 1 4
7 4 9  3 5 1  8 2 6

9 7 5  4 3 2  1 6 8
8 1 3  6 7 9  2 4 5
4 6 2  5 1 8  7 3 9

2 5 7  9 4 3  6 8 1
3 8 4  1 6 7  5 9 2
6 9 1  2 8 5  4 7 3
Answer: 131
1 2 6  8 9 4  3 5 7
5 3 8  7 2 6  9 1 4
9 4 7  3 5 1  8 2 6

7 5 9  4 3 2  1 6 8
8 1 3  6 7 9  2 4 5
4 6 2  5 1 8  7 3 9

2 7 5  9 4 3  6 8 1
3 8 4  1 6 7  5 9 2
6 9 1  2 8 5  4 7 3
Answer: 132
1 2 6  8 9 4  3 5 7
5 3 8  7 2 6  9 1 4
7 4 9  3 5 1  8 2 6

9 5 7  4 3 2  1 6 8
8 1 3  6 7 9  2 4 5
4 6 2  5 1 8  7 3 9

2 7 5  9 4 3  6 8 1
3 8 4  1 6 7  5 9 2
6 9 1  2 8 5  4 7 3
Answer: 133
1 2 6  8 9 4  3 5 7
5 8 3  7 2 6  9 1 4
7 4 9  3 5 1  8 2 6

9 7 5  4 3 2  1 6 8
3 1 8  6 7 9  2 4 5
4 6 2  5 1 8  7 3 9

2 5 7  9 4 3  6 8 1
8 3 4  1 6 7  5 9 2
6 9 1  2 8 5  4 7 3
Answer: 134
1 2 6  8 9 4  3 5 7
3 8 5  7 2 6  9 1 4
7 4 9  3 5 1  8 2 6

9 5 7  4 3 2  1 6 8
8 1 3  6 7 9  2 4 5
2 6 4  5 1 8  7 3 9

5 7 2  9 4 3  6 8 1
4 3 8  1 6 7  5 9 2
6 9 1  2 8 5  4 7 3
Answer: 135
1 2 6  8 9 4  3 5 7
3 8 5  7 2 6  9 1 4
9 4 7  3 5 1  8 2 6

7 5 9  4 3 2  1 6 8
8 1 3  6 7 9  2 4 5
2 6 4  5 1 8  7 3 9

5 7 2  9 4 3  6 8 1
4 3 8  1 6 7  5 9 2
6 9 1  2 8 5  4 7 3
Answer: 136
1 2 6  8 9 4  3 5 7
3 8 5  7 2 6  9 1 4
9 4 7  3 5 1  8 2 6

5 7 9  4 3 2  1 6 8
8 1 3  6 7 9  2 4 5
2 6 4  5 1 8  7 3 9

7 5 2  9 4 3  6 8 1
4 3 8  1 6 7  5 9 2
6 9 1  2 8 5  4 7 3
Answer: 137
1 2 6  8 9 4  3 5 7
5 8 3  7 2 6  9 1 4
7 4 9  3 5 1  8 2 6

9 5 7  4 3 2  1 6 8
3 1 8  6 7 9  2 4 5
4 6 2  5 1 8  7 3 9

2 7 5  9 4 3  6 8 1
8 3 4  1 6 7  5 9 2
6 9 1  2 8 5  4 7 3
Answer: 138
1 2 6  8 9 4  3 5 7
5 8 3  7 2 6  9 1 4
9 4 7  3 5 1  8 2 6

7 5 9  4 3 2  1 6 8
3 1 8  6 7 9  2 4 5
4 6 2  5 1 8  7 3 9

2 7 5  9 4 3  6 8 1
8 3 4  1 6 7  5 9 2
6 9 1  2 8 5  4 7 3
Answer: 139
1 2 6  8 9 4  3 5 7
3 5 8  7 2 6  9 1 4
9 4 7  3 5 1  8 2 6

7 9 5  4 3 2  1 6 8
8 3 1  6 7 9  2 4 5
2 6 4  5 1 8  7 3 9

5 7 2  9 4 3  6 8 1
4 8 3  1 6 7  5 9 2
6 1 9  2 8 5  4 7 3
Answer: 140
1 2 6  8 9 4  3 5 7
8 5 3  7 2 6  9 1 4
9 4 7  3 5 1  8 2 6

7 9 5  4 3 2  1 6 8
3 8 1  6 7 9  2 4 5
2 6 4  5 1 8  7 3 9

5 7 2  9 4 3  6 8 1
4 3 8  1 6 7  5 9 2
6 1 9  2 8 5  4 7 3
Answer: 141
1 6 2  8 9 4  3 5 7
5 8 3  7 2 6  9 1 4
4 7 9  3 5 1  8 2 6

7 9 5  4 3 2  1 6 8
8 3 1  6 7 9  2 4 5
6 2 4  5 1 8  7 3 9

2 5 7  9 4 3  6 8 1
3 4 8  1 6 7  5 9 2
9 1 6  2 8 5  4 7 3
Answer: 142
1 6 2  8 9 4  3 5 7
5 8 3  7 2 6  9 1 4
4 9 7  3 5 1  8 2 6

7 5 9  4 3 2  1 6 8
8 3 1  6 7 9  2 4 5
6 2 4  5 1 8  7 3 9

2 7 5  9 4 3  6 8 1
3 4 8  1 6 7  5 9 2
9 1 6  2 8 5  4 7 3
Answer: 143
1 6 2  8 9 4  3 5 7
5 8 3  7 2 6  9 1 4
9 7 4  3 5 1  8 2 6

7 9 5  4 3 2  1 6 8
8 3 1  6 7 9  2 4 5
4 2 6  5 1 8  7 3 9

2 5 7  9 4 3  6 8 1
3 4 8  1 6 7  5 9 2
6 1 9  2 8 5  4 7 3
Answer: 144
1 6 2  8 9 4  3 5 7
5 8 3  7 2 6  9 1 4
7 9 4  3 5 1  8 2 6

9 7 5  4 3 2  1 6 8
8 3 1  6 7 9  2 4 5
4 2 6  5 1 8  7 3 9

2 5 7  9 4 3  6 8 1
3 4 8  1 6 7  5 9 2
6 1 9  2 8 5  4 7 3
Answer: 145
1 6 2  8 9 4  3 5 7
5 8 3  7 2 6  9 1 4
7 9 4  3 5 1  8 2 6

9 5 7  4 3 2  1 6 8
8 3 1  6 7 9  2 4 5
4 2 6  5 1 8  7 3 9

2 7 5  9 4 3  6 8 1
3 4 8  1 6 7  5 9 2
6 1 9  2 8 5  4 7 3
Answer: 146
1 6 2  8 9 4  3 5 7
5 8 3  7 2 6  9 1 4
9 4 7  3 5 1  8 2 6

7 5 9  4 3 2  1 6 8
3 1 8  6 7 9  2 4 5
4 2 6  5 1 8  7 3 9

2 7 5  9 4 3  6 8 1
8 3 4  1 6 7  5 9 2
6 9 1  2 8 5  4 7 3
Answer: 147
1 6 2  8 9 4  3 5 7
5 8 3  7 2 6  9 1 4
7 4 9  3 5 1  8 2 6

9 5 7  4 3 2  1 6 8
3 1 8  6 7 9  2 4 5
4 2 6  5 1 8  7 3 9

2 7 5  9 4 3  6 8 1
8 3 4  1 6 7  5 9 2
6 9 1  2 8 5  4 7 3
Answer: 148
1 6 2  8 9 4  3 5 7
5 8 3  7 2 6  9 1 4
7 4 9  3 5 1  8 2 6

9 7 5  4 3 2  1 6 8
3 1 8  6 7 9  2 4 5
4 2 6  5 1 8  7 3 9

2 5 7  9 4 3  6 8 1
8 3 4  1 6 7  5 9 2
6 9 1  2 8 5  4 7 3
Answer: 149
1 6 2  8 9 4  3 5 7
3 8 5  7 2 6  9 1 4
9 7 4  3 5 1  8 2 6

7 5 9  4 3 2  1 6 8
8 1 3  6 7 9  2 4 5
2 4 6  5 1 8  7 3 9

5 2 7  9 4 3  6 8 1
4 3 8  1 6 7  5 9 2
6 9 1  2 8 5  4 7 3
Answer: 150
1 6 2  8 9 4  3 5 7
5 8 3  7 2 6  9 1 4
4 7 9  3 5 1  8 2 6

9 5 7  4 3 2  1 6 8
3 1 8  6 7 9  2 4 5
2 4 6  5 1 8  7 3 9

7 2 5  9 4 3  6 8 1
8 3 4  1 6 7  5 9 2
6 9 1  2 8 5  4 7 3
Answer: 151
1 6 2  8 9 4  3 5 7
5 3 8  7 2 6  9 1 4
7 9 4  3 5 1  8 2 6

9 7 5  4 3 2  1 6 8
3 8 1  6 7 9  2 4 5
4 2 6  5 1 8  7 3 9

2 5 7  9 4 3  6 8 1
8 4 3  1 6 7  5 9 2
6 1 9  2 8 5  4 7 3
Answer: 152
1 6 2  8 9 4  3 5 7
5 3 8  7 2 6  9 1 4
4 7 9  3 5 1  8 2 6

7 9 5  4 3 2  1 6 8
3 8 1  6 7 9  2 4 5
6 2 4  5 1 8  7 3 9

2 5 7  9 4 3  6 8 1
8 4 3  1 6 7  5 9 2
9 1 6  2 8 5  4 7 3
Answer: 153
1 6 2  8 9 4  3 5 7
5 3 8  7 2 6  9 1 4
9 7 4  3 5 1  8 2 6

7 9 5  4 3 2  1 6 8
3 8 1  6 7 9  2 4 5
4 2 6  5 1 8  7 3 9

2 5 7  9 4 3  6 8 1
8 4 3  1 6 7  5 9 2
6 1 9  2 8 5  4 7 3
Answer: 154
1 6 2  8 9 4  3 5 7
5 3 8  7 2 6  9 1 4
4 9 7  3 5 1  8 2 6

7 5 9  4 3 2  1 6 8
3 8 1  6 7 9  2 4 5
6 2 4  5 1 8  7 3 9

2 7 5  9 4 3  6 8 1
8 4 3  1 6 7  5 9 2
9 1 6  2 8 5  4 7 3
Answer: 155
1 6 2  8 9 4  3 5 7
5 3 8  7 2 6  9 1 4
7 9 4  3 5 1  8 2 6

9 5 7  4 3 2  1 6 8
3 8 1  6 7 9  2 4 5
4 2 6  5 1 8  7 3 9

2 7 5  9 4 3  6 8 1
8 4 3  1 6 7  5 9 2
6 1 9  2 8 5  4 7 3
Answer: 156
1 6 2  8 9 4  3 5 7
5 3 8  7 2 6  9 1 4
7 4 9  3 5 1  8 2 6

9 7 5  4 3 2  1 6 8
8 1 3  6 7 9  2 4 5
4 2 6  5 1 8  7 3 9

2 5 7  9 4 3  6 8 1
3 8 4  1 6 7  5 9 2
6 9 1  2 8 5  4 7 3
Answer: 157
1 6 2  8 9 4  3 5 7
8 3 5  7 2 6  9 1 4
9 7 4  3 5 1  8 2 6

7 5 9  4 3 2  1 6 8
3 1 8  6 7 9  2 4 5
2 4 6  5 1 8  7 3 9

5 2 7  9 4 3  6 8 1
4 8 3  1 6 7  5 9 2
6 9 1  2 8 5  4 7 3
Answer: 158
1 6 2  8 9 4  3 5 7
5 3 8  7 2 6  9 1 4
9 4 7  3 5 1  8 2 6

7 5 9  4 3 2  1 6 8
8 1 3  6 7 9  2 4 5
4 2 6  5 1 8  7 3 9

2 7 5  9 4 3  6 8 1
3 8 4  1 6 7  5 9 2
6 9 1  2 8 5  4 7 3
Answer: 159
1 6 2  8 9 4  3 5 7
5 3 8  7 2 6  9 1 4
7 4 9  3 5 1  8 2 6

9 5 7  4 3 2  1 6 8
8 1 3  6 7 9  2 4 5
4 2 6  5 1 8  7 3 9

2 7 5  9 4 3  6 8 1
3 8 4  1 6 7  5 9 2
6 9 1  2 8 5  4 7 3
Answer: 160
1 6 2  8 9 4  3 5 7
5 3 8  7 2 6  9 1 4
4 7 9  3 5 1  8 2 6

9 5 7  4 3 2  1 6 8
8 1 3  6 7 9  2 4 5
2 4 6  5 1 8  7 3 9

7 2 5  9 4 3  6 8 1
3 8 4  1 6 7  5 9 2
6 9 1  2 8 5  4 7 3
Answer: 161
1 6 2  8 9 4  3 5 7
3 5 8  7 2 6  9 1 4
9 7 4  3 5 1  8 2 6

7 9 5  4 3 2  1 6 8
8 3 1  6 7 9  2 4 5
2 4 6  5 1 8  7 3 9

5 2 7  9 4 3  6 8 1
4 8 3  1 6 7  5 9 2
6 1 9  2 8 5  4 7 3
Answer: 162
1 6 2  8 9 4  3 5 7
3 5 8  7 2 6  9 1 4
9 7 4  3 5 1  8 2 6

5 9 7  4 3 2  1 6 8
8 3 1  6 7 9  2 4 5
2 4 6  5 1 8  7 3 9

7 2 5  9 4 3  6 8 1
4 8 3  1 6 7  5 9 2
6 1 9  2 8 5  4 7 3
Answer: 163
1 6 2  8 9 4  3 5 7
3 5 8  7 2 6  9 1 4
7 9 4  3 5 1  8 2 6

9 7 5  4 3 2  1 6 8
8 3 1  6 7 9  2 4 5
2 4 6  5 1 8  7 3 9

5 2 7  9 4 3  6 8 1
4 8 3  1 6 7  5 9 2
6 1 9  2 8 5  4 7 3
Answer: 164
1 6 2  8 9 4  3 5 7
3 5 8  7 2 6  9 1 4
7 4 9  3 5 1  8 2 6

5 9 7  4 3 2  1 6 8
8 3 1  6 7 9  2 4 5
6 2 4  5 1 8  7 3 9

2 7 5  9 4 3  6 8 1
4 8 3  1 6 7  5 9 2
9 1 6  2 8 5  4 7 3
Answer: 165
1 6 2  8 9 4  3 5 7
8 5 3  7 2 6  9 1 4
7 4 9  3 5 1  8 2 6

5 9 7  4 3 2  1 6 8
3 8 1  6 7 9  2 4 5
6 2 4  5 1 8  7 3 9

2 7 5  9 4 3  6 8 1
4 3 8  1 6 7  5 9 2
9 1 6  2 8 5  4 7 3
Answer: 166
1 6 2  8 9 4  3 5 7
8 5 3  7 2 6  9 1 4
9 7 4  3 5 1  8 2 6

7 9 5  4 3 2  1 6 8
3 8 1  6 7 9  2 4 5
2 4 6  5 1 8  7 3 9

5 2 7  9 4 3  6 8 1
4 3 8  1 6 7  5 9 2
6 1 9  2 8 5  4 7 3
Answer: 167
1 6 2  8 9 4  3 5 7
8 5 3  7 2 6  9 1 4
9 7 4  3 5 1  8 2 6

5 9 7  4 3 2  1 6 8
3 8 1  6 7 9  2 4 5
2 4 6  5 1 8  7 3 9

7 2 5  9 4 3  6 8 1
4 3 8  1 6 7  5 9 2
6 1 9  2 8 5  4 7 3
Answer: 168
1 6 2  8 9 4  3 5 7
8 5 3  7 2 6  9 1 4
7 9 4  3 5 1  8 2 6

9 7 5  4 3 2  1 6 8
3 8 1  6 7 9  2 4 5
2 4 6  5 1 8  7 3 9

5 2 7  9 4 3  6 8 1
4 3 8  1 6 7  5 9 2
6 1 9  2 8 5  4 7 3
SATISFIABLE

Models       : 168
Calls        : 1
Time         : 0.191s (Solving: 0.18s 1st Model: 0.00s Unsat: 0.00s)
CPU Time     : 0.191s