clingo version 5.6.2
Reading from ./instances/lp/ex04.lp
Solving...
Answer: 1
1 2 9  3 4 8  5 7 6
4 5 7  6 1 9  8 3 2
3 8 6  2 5 7  1 9 4

7 3 5  4 9 1  6 2 8
2 9 1  8 6 3  4 5 7
6 4 8  5 7 2  3 1 9

9 7 3  1 8 4  2 6 5
8 6 2  9 3 5  7 4 1
5 1 4  7 2 6  9 8 3
Answer: 2
1 2 9  3 4 8  5 7 6
4 5 7  6 1 9  8 2 3
3 8 6  2 5 7  1 9 4

2 3 5  4 9 1  6 8 7
7 9 1  8 6 3  4 5 2
6 4 8  5 7 2  3 1 9

9 7 3  1 8 4  2 6 5
8 6 2  9 3 5  7 4 1
5 1 4  7 2 6  9 3 8
Answer: 3
1 2 9  3 4 8  5 7 6
3 5 7  6 1 9  8 2 4
4 8 6  2 5 7  1 9 3

2 3 5  4 9 1  6 8 7
7 9 1  8 6 3  4 5 2
6 4 8  5 7 2  3 1 9

9 7 3  1 8 4  2 6 5
8 6 2  9 3 5  7 4 1
5 1 4  7 2 6  9 3 8
Answer: 4
1 2 9  3 4 8  5 7 6
4 5 7  6 1 9  8 2 3
3 8 6  2 5 7  1 9 4

7 3 5  4 9 1  6 8 2
2 9 1  8 6 3  4 5 7
6 4 8  5 7 2  3 1 9

9 7 3  1 8 4  2 6 5
8 6 2  9 3 5  7 4 1
5 1 4  7 2 6  9 3 8
Answer: 5
1 2 9  3 4 8  5 7 6
3 5 7  6 1 9  8 2 4
4 8 6  2 5 7  1 9 3

7 3 5  4 9 1  6 8 2
2 9 1  8 6 3  4 5 7
6 4 8  5 7 2  3 1 9

9 7 3  1 8 4  2 6 5
8 6 2  9 3 5  7 4 1
5 1 4  7 2 6  9 3 8
Answer: 6
1 2 9  3 4 8  5 7 6
4 5 7  6 1 9  8 2 3
3 8 6  2 5 7  1 9 4

2 3 5  4 9 1  6 8 7
9 7 1  8 6 3  4 5 2
6 4 8  5 7 2  3 1 9

7 9 3  1 8 4  2 6 5
8 6 2  9 3 5  7 4 1
5 1 4  7 2 6  9 3 8
Answer: 7
1 2 9  3 4 8  5 7 6
3 5 7  6 1 9  8 2 4
4 8 6  2 5 7  1 9 3

2 3 5  4 9 1  6 8 7
9 7 1  8 6 3  4 5 2
6 4 8  5 7 2  3 1 9

7 9 3  1 8 4  2 6 5
8 6 2  9 3 5  7 4 1
5 1 4  7 2 6  9 3 8
Answer: 8
1 2 9  3 4 8  5 7 6
5 4 7  6 1 9  8 2 3
3 8 6  2 5 7  1 9 4

2 3 5  4 9 1  6 8 7
7 9 1  8 6 3  4 5 2
4 6 8  5 7 2  3 1 9

9 7 3  1 8 4  2 6 5
6 1 2  9 3 5  7 4 8
8 5 4  7 2 6  9 3 1
Answer: 9
1 2 9  3 4 8  5 7 6
5 4 7  6 1 9  8 2 3
3 8 6  2 5 7  1 9 4

7 3 5  4 9 1  6 8 2
2 9 1  8 6 3  4 5 7
4 6 8  5 7 2  3 1 9

9 7 3  1 8 4  2 6 5
6 1 2  9 3 5  7 4 8
8 5 4  7 2 6  9 3 1
Answer: 10
1 2 9  3 4 8  5 7 6
3 5 7  6 1 9  8 2 4
8 4 6  2 5 7  1 9 3

2 3 5  4 9 1  6 8 7
7 9 1  8 6 3  4 5 2
4 6 8  5 7 2  3 1 9

9 7 3  1 8 4  2 6 5
6 8 2  9 3 5  7 4 1
5 1 4  7 2 6  9 3 8
Answer: 11
1 2 9  3 4 8  5 7 6
3 5 7  6 1 9  8 2 4
8 4 6  2 5 7  1 9 3

7 3 5  4 9 1  6 8 2
2 9 1  8 6 3  4 5 7
4 6 8  5 7 2  3 1 9

9 7 3  1 8 4  2 6 5
6 8 2  9 3 5  7 4 1
5 1 4  7 2 6  9 3 8
Answer: 12
1 2 9  3 4 8  5 7 6
3 5 7  6 1 9  8 2 4
8 4 6  2 5 7  1 9 3

2 3 5  4 9 1  6 8 7
7 9 1  8 6 3  4 5 2
4 6 8  5 7 2  3 1 9

9 7 3  1 8 4  2 6 5
6 1 2  9 3 5  7 4 8
5 8 4  7 2 6  9 3 1
Answer: 13
1 2 9  3 4 8  5 7 6
3 5 7  6 1 9  8 2 4
8 4 6  2 5 7  1 9 3

7 3 5  4 9 1  6 8 2
2 9 1  8 6 3  4 5 7
4 6 8  5 7 2  3 1 9

9 7 3  1 8 4  2 6 5
6 1 2  9 3 5  7 4 8
5 8 4  7 2 6  9 3 1
Answer: 14
1 2 9  3 4 8  5 7 6
3 5 7  6 1 9  8 4 2
8 4 6  2 5 7  1 9 3

7 3 5  4 9 1  6 2 8
2 9 1  8 6 3  4 5 7
4 6 8  5 7 2  3 1 9

9 7 3  1 8 4  2 6 5
6 1 2  9 3 5  7 8 4
5 8 4  7 2 6  9 3 1
Answer: 15
1 2 9  3 4 8  5 7 6
5 4 7  6 1 9  8 2 3
3 8 6  2 5 7  1 9 4

2 3 5  4 9 1  6 8 7
9 7 1  8 6 3  4 5 2
4 6 8  5 7 2  3 1 9

7 9 3  1 8 4  2 6 5
6 1 2  9 3 5  7 4 8
8 5 4  7 2 6  9 3 1
Answer: 16
1 2 9  3 4 8  5 7 6
3 5 7  6 1 9  8 2 4
8 4 6  2 5 7  1 9 3

2 3 5  4 9 1  6 8 7
9 7 1  8 6 3  4 5 2
4 6 8  5 7 2  3 1 9

7 9 3  1 8 4  2 6 5
6 1 2  9 3 5  7 4 8
5 8 4  7 2 6  9 3 1
Answer: 17
1 2 9  3 4 8  5 7 6
3 5 7  6 1 9  8 2 4
8 4 6  2 5 7  1 9 3

2 3 5  4 9 1  6 8 7
9 7 1  8 6 3  4 5 2
4 6 8  5 7 2  3 1 9

7 9 3  1 8 4  2 6 5
6 8 2  9 3 5  7 4 1
5 1 4  7 2 6  9 3 8
Answer: 18
1 2 9  3 4 8  5 6 7
3 5 7  6 1 9  8 2 4
4 8 6  2 5 7  1 9 3

7 3 5  4 9 1  6 8 2
2 9 1  8 6 3  4 7 5
6 4 8  5 7 2  3 1 9

9 7 3  1 8 4  2 5 6
8 6 2  9 3 5  7 4 1
5 1 4  7 2 6  9 3 8
Answer: 19
1 2 9  3 4 8  5 6 7
4 5 7  6 1 9  8 2 3
3 8 6  2 5 7  1 9 4

7 3 5  4 9 1  6 8 2
2 9 1  8 6 3  4 7 5
6 4 8  5 7 2  3 1 9

9 7 3  1 8 4  2 5 6
8 6 2  9 3 5  7 4 1
5 1 4  7 2 6  9 3 8
Answer: 20
1 2 9  3 4 8  5 6 7
5 4 7  6 1 9  8 2 3
3 8 6  2 5 7  1 9 4

7 3 5  4 9 1  6 8 2
2 9 1  8 6 3  4 7 5
4 6 8  5 7 2  3 1 9

9 7 3  1 8 4  2 5 6
6 1 2  9 3 5  7 4 8
8 5 4  7 2 6  9 3 1
Answer: 21
1 2 9  3 4 8  5 6 7
4 5 7  6 1 9  8 3 2
3 8 6  2 5 7  1 9 4

7 3 5  4 9 1  6 2 8
2 9 1  8 6 3  4 7 5
6 4 8  5 7 2  3 1 9

9 7 3  1 8 4  2 5 6
8 6 2  9 3 5  7 4 1
5 1 4  7 2 6  9 8 3
Answer: 22
1 2 9  3 4 8  5 6 7
4 5 7  6 1 9  8 3 2
3 8 6  2 5 7  1 9 4

2 3 5  4 9 1  6 7 8
7 9 1  8 6 3  4 2 5
6 4 8  5 7 2  3 1 9

9 7 3  1 8 4  2 5 6
8 6 2  9 3 5  7 4 1
5 1 4  7 2 6  9 8 3
Answer: 23
1 2 9  3 4 8  5 6 7
3 5 7  6 1 9  8 2 4
8 4 6  2 5 7  1 9 3

7 3 5  4 9 1  6 8 2
2 9 1  8 6 3  4 7 5
4 6 8  5 7 2  3 1 9

9 7 3  1 8 4  2 5 6
6 8 2  9 3 5  7 4 1
5 1 4  7 2 6  9 3 8
Answer: 24
1 2 9  3 4 8  5 6 7
3 5 7  6 1 9  8 2 4
8 4 6  2 5 7  1 9 3

7 3 5  4 9 1  6 8 2
2 9 1  8 6 3  4 7 5
4 6 8  5 7 2  3 1 9

9 7 3  1 8 4  2 5 6
6 1 2  9 3 5  7 4 8
5 8 4  7 2 6  9 3 1
Answer: 25
1 2 9  3 4 8  5 6 7
3 5 7  6 1 9  8 4 2
8 4 6  2 5 7  1 9 3

7 3 5  4 9 1  6 2 8
2 9 1  8 6 3  4 7 5
4 6 8  5 7 2  3 1 9

9 7 3  1 8 4  2 5 6
6 1 2  9 3 5  7 8 4
5 8 4  7 2 6  9 3 1
Answer: 26
1 2 9  3 4 8  5 6 7
3 5 7  6 1 9  8 4 2
8 4 6  2 5 7  1 9 3

2 3 5  4 9 1  6 7 8
7 9 1  8 6 3  4 2 5
4 6 8  5 7 2  3 1 9

9 7 3  1 8 4  2 5 6
6 1 2  9 3 5  7 8 4
5 8 4  7 2 6  9 3 1
Answer: 27
1 2 9  3 4 8  5 6 7
3 5 7  6 1 9  8 4 2
8 4 6  2 5 7  1 9 3

2 3 5  4 9 1  6 7 8
9 7 1  8 6 3  4 2 5
4 6 8  5 7 2  3 1 9

7 9 3  1 8 4  2 5 6
6 1 2  9 3 5  7 8 4
5 8 4  7 2 6  9 3 1
Answer: 28
1 2 9  3 4 8  5 6 7
4 5 7  6 1 9  8 3 2
3 8 6  2 5 7  1 9 4

2 3 5  4 9 1  6 7 8
9 7 1  8 6 3  4 2 5
6 4 8  5 7 2  3 1 9

7 9 3  1 8 4  2 5 6
8 6 2  9 3 5  7 4 1
5 1 4  7 2 6  9 8 3
Answer: 29
2 1 9  3 4 8  5 7 6
5 3 7  6 1 9  8 2 4
4 8 6  2 5 7  1 9 3

3 2 5  4 9 1  6 8 7
7 9 1  8 6 3  4 5 2
6 4 8  5 7 2  3 1 9

9 7 3  1 8 4  2 6 5
1 6 2  9 3 5  7 4 8
8 5 4  7 2 6  9 3 1
Answer: 30
2 1 9  3 4 8  5 7 6
5 3 7  6 1 9  8 2 4
4 8 6  2 5 7  1 9 3

3 2 5  4 9 1  6 8 7
7 9 1  8 6 3  4 5 2
6 4 8  5 7 2  3 1 9

9 7 3  1 8 4  2 6 5
8 6 2  9 3 5  7 4 1
1 5 4  7 2 6  9 3 8
Answer: 31
2 1 9  3 4 8  5 7 6
4 5 7  6 1 9  8 2 3
8 3 6  2 5 7  1 9 4

3 2 5  4 9 1  6 8 7
7 9 1  8 6 3  4 5 2
6 4 8  5 7 2  3 1 9

9 7 3  1 8 4  2 6 5
1 6 2  9 3 5  7 4 8
5 8 4  7 2 6  9 3 1
Answer: 32
2 1 9  3 4 8  5 7 6
5 3 7  6 1 9  8 2 4
8 4 6  2 5 7  1 9 3

3 2 5  4 9 1  6 8 7
7 9 1  8 6 3  4 5 2
4 6 8  5 7 2  3 1 9

9 7 3  1 8 4  2 6 5
6 8 2  9 3 5  7 4 1
1 5 4  7 2 6  9 3 8
Answer: 33
2 1 9  3 4 8  5 7 6
5 4 7  6 1 9  8 2 3
8 3 6  2 5 7  1 9 4

3 2 5  4 9 1  6 8 7
7 9 1  8 6 3  4 5 2
4 6 8  5 7 2  3 1 9

9 7 3  1 8 4  2 6 5
6 8 2  9 3 5  7 4 1
1 5 4  7 2 6  9 3 8
Answer: 34
2 1 9  3 4 8  5 6 7
5 3 7  6 1 9  8 4 2
4 8 6  2 5 7  1 9 3

3 2 5  4 9 1  6 7 8
7 9 1  8 6 3  4 2 5
6 4 8  5 7 2  3 1 9

9 7 3  1 8 4  2 5 6
1 6 2  9 3 5  7 8 4
8 5 4  7 2 6  9 3 1
Answer: 35
2 1 9  3 4 8  5 6 7
5 4 7  6 1 9  8 3 2
8 3 6  2 5 7  1 9 4

3 2 5  4 9 1  6 7 8
7 9 1  8 6 3  4 2 5
4 6 8  5 7 2  3 1 9

9 7 3  1 8 4  2 5 6
6 8 2  9 3 5  7 4 1
1 5 4  7 2 6  9 8 3
Answer: 36
2 1 9  3 4 8  5 6 7
5 4 7  6 1 9  8 2 3
8 3 6  2 5 7  1 9 4

3 7 5  4 9 1  6 8 2
9 2 1  8 6 3  4 7 5
4 6 8  5 7 2  3 1 9

7 9 3  1 8 4  2 5 6
6 8 2  9 3 5  7 4 1
1 5 4  7 2 6  9 3 8
Answer: 37
2 1 9  3 4 8  5 7 6
5 4 7  6 1 9  8 2 3
8 3 6  2 5 7  1 9 4

3 7 5  4 9 1  6 8 2
9 2 1  8 6 3  4 5 7
4 6 8  5 7 2  3 1 9

7 9 3  1 8 4  2 6 5
6 8 2  9 3 5  7 4 1
1 5 4  7 2 6  9 3 8
Answer: 38
2 1 9  3 4 8  5 7 6
5 4 7  6 1 9  8 2 3
8 3 6  2 5 7  1 9 4

3 2 5  4 9 1  6 8 7
9 7 1  8 6 3  4 5 2
4 6 8  5 7 2  3 1 9

7 9 3  1 8 4  2 6 5
6 8 2  9 3 5  7 4 1
1 5 4  7 2 6  9 3 8
Answer: 39
2 1 9  3 4 8  5 6 7
5 3 7  6 1 9  8 2 4
4 8 6  2 5 7  1 9 3

3 7 5  4 9 1  6 8 2
9 2 1  8 6 3  4 7 5
6 4 8  5 7 2  3 1 9

7 9 3  1 8 4  2 5 6
1 6 2  9 3 5  7 4 8
8 5 4  7 2 6  9 3 1
Answer: 40
2 1 9  3 4 8  5 6 7
5 3 7  6 1 9  8 4 2
4 8 6  2 5 7  1 9 3

3 7 5  4 9 1  6 2 8
9 2 1  8 6 3  4 7 5
6 4 8  5 7 2  3 1 9

7 9 3  1 8 4  2 5 6
1 6 2  9 3 5  7 8 4
8 5 4  7 2 6  9 3 1
Answer: 41
2 1 9  3 4 8  5 7 6
5 3 7  6 1 9  8 2 4
4 8 6  2 5 7  1 9 3

3 7 5  4 9 1  6 8 2
9 2 1  8 6 3  4 5 7
6 4 8  5 7 2  3 1 9

7 9 3  1 8 4  2 6 5
1 6 2  9 3 5  7 4 8
8 5 4  7 2 6  9 3 1
Answer: 42
2 1 9  3 4 8  5 7 6
5 3 7  6 1 9  8 4 2
4 8 6  2 5 7  1 9 3

3 7 5  4 9 1  6 2 8
9 2 1  8 6 3  4 5 7
6 4 8  5 7 2  3 1 9

7 9 3  1 8 4  2 6 5
1 6 2  9 3 5  7 8 4
8 5 4  7 2 6  9 3 1
Answer: 43
2 1 9  3 4 8  5 6 7
5 3 7  6 1 9  8 4 2
4 8 6  2 5 7  1 9 3

3 2 5  4 9 1  6 7 8
9 7 1  8 6 3  4 2 5
6 4 8  5 7 2  3 1 9

7 9 3  1 8 4  2 5 6
1 6 2  9 3 5  7 8 4
8 5 4  7 2 6  9 3 1
Answer: 44
2 1 9  3 4 8  5 7 6
5 3 7  6 1 9  8 2 4
4 8 6  2 5 7  1 9 3

3 2 5  4 9 1  6 8 7
9 7 1  8 6 3  4 5 2
6 4 8  5 7 2  3 1 9

7 9 3  1 8 4  2 6 5
1 6 2  9 3 5  7 4 8
8 5 4  7 2 6  9 3 1
Answer: 45
2 1 9  3 4 8  5 7 6
5 3 7  6 1 9  8 2 4
4 8 6  2 5 7  1 9 3

3 7 5  4 9 1  6 8 2
9 2 1  8 6 3  4 5 7
6 4 8  5 7 2  3 1 9

7 9 3  1 8 4  2 6 5
8 6 2  9 3 5  7 4 1
1 5 4  7 2 6  9 3 8
Answer: 46
2 1 9  3 4 8  5 7 6
5 3 7  6 1 9  8 2 4
8 4 6  2 5 7  1 9 3

3 7 5  4 9 1  6 8 2
9 2 1  8 6 3  4 5 7
4 6 8  5 7 2  3 1 9

7 9 3  1 8 4  2 6 5
6 8 2  9 3 5  7 4 1
1 5 4  7 2 6  9 3 8
Answer: 47
2 1 9  3 4 8  5 6 7
5 3 7  6 1 9  8 2 4
8 4 6  2 5 7  1 9 3

3 7 5  4 9 1  6 8 2
9 2 1  8 6 3  4 7 5
4 6 8  5 7 2  3 1 9

7 9 3  1 8 4  2 5 6
6 8 2  9 3 5  7 4 1
1 5 4  7 2 6  9 3 8
Answer: 48
2 1 9  3 4 8  5 6 7
5 3 7  6 1 9  8 2 4
4 8 6  2 5 7  1 9 3

3 7 5  4 9 1  6 8 2
9 2 1  8 6 3  4 7 5
6 4 8  5 7 2  3 1 9

7 9 3  1 8 4  2 5 6
8 6 2  9 3 5  7 4 1
1 5 4  7 2 6  9 3 8
Answer: 49
2 1 9  3 4 8  5 7 6
5 3 7  6 1 9  8 2 4
4 8 6  2 5 7  1 9 3

3 2 5  4 9 1  6 8 7
9 7 1  8 6 3  4 5 2
6 4 8  5 7 2  3 1 9

7 9 3  1 8 4  2 6 5
8 6 2  9 3 5  7 4 1
1 5 4  7 2 6  9 3 8
Answer: 50
2 1 9  3 4 8  5 7 6
5 3 7  6 1 9  8 2 4
8 4 6  2 5 7  1 9 3

3 2 5  4 9 1  6 8 7
9 7 1  8 6 3  4 5 2
4 6 8  5 7 2  3 1 9

7 9 3  1 8 4  2 6 5
6 8 2  9 3 5  7 4 1
1 5 4  7 2 6  9 3 8
Answer: 51
2 1 9  3 4 8  5 7 6
4 5 7  6 1 9  8 2 3
8 3 6  2 5 7  1 9 4

3 7 5  4 9 1  6 8 2
9 2 1  8 6 3  4 5 7
6 4 8  5 7 2  3 1 9

7 9 3  1 8 4  2 6 5
1 6 2  9 3 5  7 4 8
5 8 4  7 2 6  9 3 1
Answer: 52
2 1 9  3 4 8  5 6 7
4 5 7  6 1 9  8 2 3
8 3 6  2 5 7  1 9 4

3 7 5  4 9 1  6 8 2
9 2 1  8 6 3  4 7 5
6 4 8  5 7 2  3 1 9

7 9 3  1 8 4  2 5 6
1 6 2  9 3 5  7 4 8
5 8 4  7 2 6  9 3 1
Answer: 53
2 1 9  3 4 8  5 7 6
4 5 7  6 1 9  8 2 3
8 3 6  2 5 7  1 9 4

3 2 5  4 9 1  6 8 7
9 7 1  8 6 3  4 5 2
6 4 8  5 7 2  3 1 9

7 9 3  1 8 4  2 6 5
1 6 2  9 3 5  7 4 8
5 8 4  7 2 6  9 3 1
Answer: 54
2 1 9  3 4 8  5 6 7
5 4 7  6 1 9  8 3 2
8 3 6  2 5 7  1 9 4

3 2 5  4 9 1  6 7 8
9 7 1  8 6 3  4 2 5
4 6 8  5 7 2  3 1 9

7 9 3  1 8 4  2 5 6
6 8 2  9 3 5  7 4 1
1 5 4  7 2 6  9 8 3
Answer: 55
2 1 9  3 4 8  5 7 6
5 4 7  6 1 9  8 3 2
8 3 6  2 5 7  1 9 4

3 7 5  4 9 1  6 2 8
9 2 1  8 6 3  4 5 7
4 6 8  5 7 2  3 1 9

7 9 3  1 8 4  2 6 5
6 8 2  9 3 5  7 4 1
1 5 4  7 2 6  9 8 3
Answer: 56
2 1 9  3 4 8  5 6 7
5 4 7  6 1 9  8 3 2
8 3 6  2 5 7  1 9 4

3 7 5  4 9 1  6 2 8
9 2 1  8 6 3  4 7 5
4 6 8  5 7 2  3 1 9

7 9 3  1 8 4  2 5 6
6 8 2  9 3 5  7 4 1
1 5 4  7 2 6  9 8 3
Answer: 57
1 2 9  3 4 8  5 7 6
4 5 7  6 1 9  8 2 3
3 8 6  2 5 7  1 4 9

2 3 5  4 9 1  6 8 7
9 7 1  8 6 3  4 5 2
6 4 8  5 7 2  3 9 1

7 9 3  1 8 4  2 6 5
8 6 2  9 3 5  7 1 4
5 1 4  7 2 6  9 3 8
Answer: 58
1 2 9  3 4 8  5 7 6
4 5 7  6 1 9  8 2 3
3 8 6  2 5 7  1 4 9

7 3 5  4 9 1  6 8 2
2 9 1  8 6 3  4 5 7
6 4 8  5 7 2  3 9 1

9 7 3  1 8 4  2 6 5
8 6 2  9 3 5  7 1 4
5 1 4  7 2 6  9 3 8
Answer: 59
1 2 9  3 4 8  5 7 6
4 5 7  6 1 9  8 2 3
3 8 6  2 5 7  1 4 9

2 3 5  4 9 1  6 8 7
7 9 1  8 6 3  4 5 2
6 4 8  5 7 2  3 9 1

9 7 3  1 8 4  2 6 5
8 6 2  9 3 5  7 1 4
5 1 4  7 2 6  9 3 8
Answer: 60
1 2 9  3 4 8  5 6 7
4 5 7  6 1 9  8 2 3
3 8 6  2 5 7  1 4 9

7 3 5  4 9 1  6 8 2
2 9 1  8 6 3  4 7 5
6 4 8  5 7 2  3 9 1

9 7 3  1 8 4  2 5 6
8 6 2  9 3 5  7 1 4
5 1 4  7 2 6  9 3 8
Answer: 61
1 2 9  3 4 8  5 6 7
5 4 7  6 1 9  8 3 2
3 8 6  2 5 7  1 4 9

2 3 5  4 9 1  6 7 8
9 7 1  8 6 3  4 2 5
4 6 8  5 7 2  3 9 1

7 9 3  1 8 4  2 5 6
6 1 2  9 3 5  7 8 4
8 5 4  7 2 6  9 1 3
Answer: 62
1 2 9  3 4 8  5 7 6
5 4 7  6 1 9  8 3 2
3 8 6  2 5 7  1 4 9

7 3 5  4 9 1  6 2 8
2 9 1  8 6 3  4 5 7
4 6 8  5 7 2  3 9 1

9 7 3  1 8 4  2 6 5
6 1 2  9 3 5  7 8 4
8 5 4  7 2 6  9 1 3
Answer: 63
1 2 9  3 4 8  5 6 7
5 4 7  6 1 9  8 3 2
3 8 6  2 5 7  1 4 9

2 3 5  4 9 1  6 7 8
7 9 1  8 6 3  4 2 5
4 6 8  5 7 2  3 9 1

9 7 3  1 8 4  2 5 6
6 1 2  9 3 5  7 8 4
8 5 4  7 2 6  9 1 3
Answer: 64
1 2 9  3 4 8  5 6 7
5 4 7  6 1 9  8 3 2
3 8 6  2 5 7  1 4 9

7 3 5  4 9 1  6 2 8
2 9 1  8 6 3  4 7 5
4 6 8  5 7 2  3 9 1

9 7 3  1 8 4  2 5 6
6 1 2  9 3 5  7 8 4
8 5 4  7 2 6  9 1 3
Answer: 65
1 2 9  3 4 8  5 6 7
3 5 7  6 1 9  8 4 2
8 4 6  2 5 7  1 3 9

2 3 5  4 9 1  6 7 8
9 7 1  8 6 3  4 2 5
4 6 8  5 7 2  3 9 1

7 9 3  1 8 4  2 5 6
6 8 2  9 3 5  7 1 4
5 1 4  7 2 6  9 8 3
Answer: 66
1 2 9  3 4 8  5 6 7
4 5 7  6 1 9  8 3 2
3 8 6  2 5 7  1 4 9

2 3 5  4 9 1  6 7 8
9 7 1  8 6 3  4 2 5
6 4 8  5 7 2  3 9 1

7 9 3  1 8 4  2 5 6
8 6 2  9 3 5  7 1 4
5 1 4  7 2 6  9 8 3
Answer: 67
1 2 9  3 4 8  5 6 7
3 5 7  6 1 9  8 4 2
4 8 6  2 5 7  1 3 9

2 3 5  4 9 1  6 7 8
9 7 1  8 6 3  4 2 5
6 4 8  5 7 2  3 9 1

7 9 3  1 8 4  2 5 6
8 6 2  9 3 5  7 1 4
5 1 4  7 2 6  9 8 3
Answer: 68
1 2 9  3 4 8  5 6 7
3 5 7  6 1 9  8 4 2
8 4 6  2 5 7  1 3 9

2 3 5  4 9 1  6 7 8
9 7 1  8 6 3  4 2 5
4 6 8  5 7 2  3 9 1

7 9 3  1 8 4  2 5 6
6 1 2  9 3 5  7 8 4
5 8 4  7 2 6  9 1 3
Answer: 69
1 2 9  3 4 8  5 7 6
3 5 7  6 1 9  8 2 4
8 4 6  2 5 7  1 3 9

2 3 5  4 9 1  6 8 7
9 7 1  8 6 3  4 5 2
4 6 8  5 7 2  3 9 1

7 9 3  1 8 4  2 6 5
6 1 2  9 3 5  7 4 8
5 8 4  7 2 6  9 1 3
Answer: 70
1 2 9  3 4 8  5 6 7
3 5 7  6 1 9  8 4 2
4 8 6  2 5 7  1 3 9

2 3 5  4 9 1  6 7 8
7 9 1  8 6 3  4 2 5
6 4 8  5 7 2  3 9 1

9 7 3  1 8 4  2 5 6
8 6 2  9 3 5  7 1 4
5 1 4  7 2 6  9 8 3
Answer: 71
1 2 9  3 4 8  5 6 7
4 5 7  6 1 9  8 3 2
3 8 6  2 5 7  1 4 9

2 3 5  4 9 1  6 7 8
7 9 1  8 6 3  4 2 5
6 4 8  5 7 2  3 9 1

9 7 3  1 8 4  2 5 6
8 6 2  9 3 5  7 1 4
5 1 4  7 2 6  9 8 3
Answer: 72
1 2 9  3 4 8  5 6 7
3 5 7  6 1 9  8 4 2
4 8 6  2 5 7  1 3 9

7 3 5  4 9 1  6 2 8
2 9 1  8 6 3  4 7 5
6 4 8  5 7 2  3 9 1

9 7 3  1 8 4  2 5 6
8 6 2  9 3 5  7 1 4
5 1 4  7 2 6  9 8 3
Answer: 73
1 2 9  3 4 8  5 6 7
4 5 7  6 1 9  8 3 2
3 8 6  2 5 7  1 4 9

7 3 5  4 9 1  6 2 8
2 9 1  8 6 3  4 7 5
6 4 8  5 7 2  3 9 1

9 7 3  1 8 4  2 5 6
8 6 2  9 3 5  7 1 4
5 1 4  7 2 6  9 8 3
Answer: 74
1 2 9  3 4 8  5 6 7
3 5 7  6 1 9  8 4 2
8 4 6  2 5 7  1 3 9

2 3 5  4 9 1  6 7 8
7 9 1  8 6 3  4 2 5
4 6 8  5 7 2  3 9 1

9 7 3  1 8 4  2 5 6
6 8 2  9 3 5  7 1 4
5 1 4  7 2 6  9 8 3
Answer: 75
1 2 9  3 4 8  5 6 7
3 5 7  6 1 9  8 4 2
8 4 6  2 5 7  1 3 9

7 3 5  4 9 1  6 2 8
2 9 1  8 6 3  4 7 5
4 6 8  5 7 2  3 9 1

9 7 3  1 8 4  2 5 6
6 8 2  9 3 5  7 1 4
5 1 4  7 2 6  9 8 3
Answer: 76
1 2 9  3 4 8  5 7 6
3 5 7  6 1 9  8 4 2
4 8 6  2 5 7  1 3 9

7 3 5  4 9 1  6 2 8
2 9 1  8 6 3  4 5 7
6 4 8  5 7 2  3 9 1

9 7 3  1 8 4  2 6 5
8 6 2  9 3 5  7 1 4
5 1 4  7 2 6  9 8 3
Answer: 77
1 2 9  3 4 8  5 7 6
4 5 7  6 1 9  8 3 2
3 8 6  2 5 7  1 4 9

7 3 5  4 9 1  6 2 8
2 9 1  8 6 3  4 5 7
6 4 8  5 7 2  3 9 1

9 7 3  1 8 4  2 6 5
8 6 2  9 3 5  7 1 4
5 1 4  7 2 6  9 8 3
Answer: 78
1 2 9  3 4 8  5 7 6
3 5 7  6 1 9  8 4 2
8 4 6  2 5 7  1 3 9

7 3 5  4 9 1  6 2 8
2 9 1  8 6 3  4 5 7
4 6 8  5 7 2  3 9 1

9 7 3  1 8 4  2 6 5
6 8 2  9 3 5  7 1 4
5 1 4  7 2 6  9 8 3
Answer: 79
1 2 9  3 4 8  5 6 7
3 5 7  6 1 9  8 2 4
8 4 6  2 5 7  1 3 9

7 3 5  4 9 1  6 8 2
2 9 1  8 6 3  4 7 5
4 6 8  5 7 2  3 9 1

9 7 3  1 8 4  2 5 6
6 1 2  9 3 5  7 4 8
5 8 4  7 2 6  9 1 3
Answer: 80
1 2 9  3 4 8  5 6 7
3 5 7  6 1 9  8 4 2
8 4 6  2 5 7  1 3 9

2 3 5  4 9 1  6 7 8
7 9 1  8 6 3  4 2 5
4 6 8  5 7 2  3 9 1

9 7 3  1 8 4  2 5 6
6 1 2  9 3 5  7 8 4
5 8 4  7 2 6  9 1 3
Answer: 81
1 2 9  3 4 8  5 6 7
3 5 7  6 1 9  8 4 2
8 4 6  2 5 7  1 3 9

7 3 5  4 9 1  6 2 8
2 9 1  8 6 3  4 7 5
4 6 8  5 7 2  3 9 1

9 7 3  1 8 4  2 5 6
6 1 2  9 3 5  7 8 4
5 8 4  7 2 6  9 1 3
Answer: 82
1 2 9  3 4 8  5 7 6
3 5 7  6 1 9  8 2 4
8 4 6  2 5 7  1 3 9

7 3 5  4 9 1  6 8 2
2 9 1  8 6 3  4 5 7
4 6 8  5 7 2  3 9 1

9 7 3  1 8 4  2 6 5
6 1 2  9 3 5  7 4 8
5 8 4  7 2 6  9 1 3
Answer: 83
1 2 9  3 4 8  5 7 6
3 5 7  6 1 9  8 2 4
8 4 6  2 5 7  1 3 9

2 3 5  4 9 1  6 8 7
7 9 1  8 6 3  4 5 2
4 6 8  5 7 2  3 9 1

9 7 3  1 8 4  2 6 5
6 1 2  9 3 5  7 4 8
5 8 4  7 2 6  9 1 3
Answer: 84
1 2 9  3 4 8  5 7 6
3 5 7  6 1 9  8 4 2
8 4 6  2 5 7  1 3 9

7 3 5  4 9 1  6 2 8
2 9 1  8 6 3  4 5 7
4 6 8  5 7 2  3 9 1

9 7 3  1 8 4  2 6 5
6 1 2  9 3 5  7 8 4
5 8 4  7 2 6  9 1 3
Answer: 85
2 1 9  3 4 8  5 6 7
5 4 7  6 1 9  8 2 3
8 3 6  2 5 7  1 4 9

3 7 5  4 9 1  6 8 2
9 2 1  8 6 3  4 7 5
4 6 8  5 7 2  3 9 1

7 9 3  1 8 4  2 5 6
6 8 2  9 3 5  7 1 4
1 5 4  7 2 6  9 3 8
Answer: 86
2 1 9  3 4 8  5 7 6
5 4 7  6 1 9  8 2 3
8 3 6  2 5 7  1 4 9

3 7 5  4 9 1  6 8 2
9 2 1  8 6 3  4 5 7
4 6 8  5 7 2  3 9 1

7 9 3  1 8 4  2 6 5
6 8 2  9 3 5  7 1 4
1 5 4  7 2 6  9 3 8
Answer: 87
2 1 9  3 4 8  5 7 6
5 4 7  6 1 9  8 2 3
8 3 6  2 5 7  1 4 9

3 2 5  4 9 1  6 8 7
9 7 1  8 6 3  4 5 2
4 6 8  5 7 2  3 9 1

7 9 3  1 8 4  2 6 5
6 8 2  9 3 5  7 1 4
1 5 4  7 2 6  9 3 8
Answer: 88
2 1 9  3 4 8  5 7 6
5 4 7  6 1 9  8 2 3
8 3 6  2 5 7  1 4 9

3 2 5  4 9 1  6 8 7
7 9 1  8 6 3  4 5 2
4 6 8  5 7 2  3 9 1

9 7 3  1 8 4  2 6 5
6 8 2  9 3 5  7 1 4
1 5 4  7 2 6  9 3 8
Answer: 89
2 1 9  3 4 8  5 7 6
5 3 7  6 1 9  8 2 4
4 8 6  2 5 7  1 3 9

3 7 5  4 9 1  6 8 2
9 2 1  8 6 3  4 5 7
6 4 8  5 7 2  3 9 1

7 9 3  1 8 4  2 6 5
1 6 2  9 3 5  7 4 8
8 5 4  7 2 6  9 1 3
Answer: 90
2 1 9  3 4 8  5 7 6
5 3 7  6 1 9  8 4 2
4 8 6  2 5 7  1 3 9

3 7 5  4 9 1  6 2 8
9 2 1  8 6 3  4 5 7
6 4 8  5 7 2  3 9 1

7 9 3  1 8 4  2 6 5
1 6 2  9 3 5  7 8 4
8 5 4  7 2 6  9 1 3
Answer: 91
2 1 9  3 4 8  5 6 7
5 3 7  6 1 9  8 4 2
4 8 6  2 5 7  1 3 9

3 7 5  4 9 1  6 2 8
9 2 1  8 6 3  4 7 5
6 4 8  5 7 2  3 9 1

7 9 3  1 8 4  2 5 6
1 6 2  9 3 5  7 8 4
8 5 4  7 2 6  9 1 3
Answer: 92
2 1 9  3 4 8  5 6 7
5 3 7  6 1 9  8 2 4
4 8 6  2 5 7  1 3 9

3 7 5  4 9 1  6 8 2
9 2 1  8 6 3  4 7 5
6 4 8  5 7 2  3 9 1

7 9 3  1 8 4  2 5 6
1 6 2  9 3 5  7 4 8
8 5 4  7 2 6  9 1 3
Answer: 93
2 1 9  3 4 8  5 7 6
5 3 7  6 1 9  8 2 4
4 8 6  2 5 7  1 3 9

3 2 5  4 9 1  6 8 7
9 7 1  8 6 3  4 5 2
6 4 8  5 7 2  3 9 1

7 9 3  1 8 4  2 6 5
1 6 2  9 3 5  7 4 8
8 5 4  7 2 6  9 1 3
Answer: 94
2 1 9  3 4 8  5 6 7
5 3 7  6 1 9  8 4 2
4 8 6  2 5 7  1 3 9

3 2 5  4 9 1  6 7 8
9 7 1  8 6 3  4 2 5
6 4 8  5 7 2  3 9 1

7 9 3  1 8 4  2 5 6
1 6 2  9 3 5  7 8 4
8 5 4  7 2 6  9 1 3
Answer: 95
2 1 9  3 4 8  5 7 6
5 3 7  6 1 9  8 4 2
4 8 6  2 5 7  1 3 9

3 7 5  4 9 1  6 2 8
9 2 1  8 6 3  4 5 7
6 4 8  5 7 2  3 9 1

7 9 3  1 8 4  2 6 5
8 6 2  9 3 5  7 1 4
1 5 4  7 2 6  9 8 3
Answer: 96
2 1 9  3 4 8  5 7 6
5 3 7  6 1 9  8 4 2
8 4 6  2 5 7  1 3 9

3 7 5  4 9 1  6 2 8
9 2 1  8 6 3  4 5 7
4 6 8  5 7 2  3 9 1

7 9 3  1 8 4  2 6 5
6 8 2  9 3 5  7 1 4
1 5 4  7 2 6  9 8 3
Answer: 97
2 1 9  3 4 8  5 6 7
5 3 7  6 1 9  8 4 2
4 8 6  2 5 7  1 3 9

3 7 5  4 9 1  6 2 8
9 2 1  8 6 3  4 7 5
6 4 8  5 7 2  3 9 1

7 9 3  1 8 4  2 5 6
8 6 2  9 3 5  7 1 4
1 5 4  7 2 6  9 8 3
Answer: 98
2 1 9  3 4 8  5 6 7
5 3 7  6 1 9  8 4 2
8 4 6  2 5 7  1 3 9

3 7 5  4 9 1  6 2 8
9 2 1  8 6 3  4 7 5
4 6 8  5 7 2  3 9 1

7 9 3  1 8 4  2 5 6
6 8 2  9 3 5  7 1 4
1 5 4  7 2 6  9 8 3
Answer: 99
2 1 9  3 4 8  5 6 7
5 3 7  6 1 9  8 4 2
4 8 6  2 5 7  1 3 9

3 2 5  4 9 1  6 7 8
9 7 1  8 6 3  4 2 5
6 4 8  5 7 2  3 9 1

7 9 3  1 8 4  2 5 6
8 6 2  9 3 5  7 1 4
1 5 4  7 2 6  9 8 3
Answer: 100
2 1 9  3 4 8  5 6 7
5 3 7  6 1 9  8 4 2
8 4 6  2 5 7  1 3 9

3 2 5  4 9 1  6 7 8
9 7 1  8 6 3  4 2 5
4 6 8  5 7 2  3 9 1

7 9 3  1 8 4  2 5 6
6 8 2  9 3 5  7 1 4
1 5 4  7 2 6  9 8 3
Answer: 101
2 1 9  3 4 8  5 7 6
5 4 7  6 1 9  8 3 2
8 3 6  2 5 7  1 4 9

3 7 5  4 9 1  6 2 8
9 2 1  8 6 3  4 5 7
4 6 8  5 7 2  3 9 1

7 9 3  1 8 4  2 6 5
6 8 2  9 3 5  7 1 4
1 5 4  7 2 6  9 8 3
Answer: 102
2 1 9  3 4 8  5 6 7
5 4 7  6 1 9  8 3 2
8 3 6  2 5 7  1 4 9

3 7 5  4 9 1  6 2 8
9 2 1  8 6 3  4 7 5
4 6 8  5 7 2  3 9 1

7 9 3  1 8 4  2 5 6
6 8 2  9 3 5  7 1 4
1 5 4  7 2 6  9 8 3
Answer: 103
2 1 9  3 4 8  5 6 7
5 4 7  6 1 9  8 3 2
8 3 6  2 5 7  1 4 9

3 2 5  4 9 1  6 7 8
9 7 1  8 6 3  4 2 5
4 6 8  5 7 2  3 9 1

7 9 3  1 8 4  2 5 6
6 8 2  9 3 5  7 1 4
1 5 4  7 2 6  9 8 3
Answer: 104
2 1 9  3 4 8  5 7 6
5 3 7  6 1 9  8 2 4
4 8 6  2 5 7  1 3 9

3 2 5  4 9 1  6 8 7
7 9 1  8 6 3  4 5 2
6 4 8  5 7 2  3 9 1

9 7 3  1 8 4  2 6 5
1 6 2  9 3 5  7 4 8
8 5 4  7 2 6  9 1 3
Answer: 105
2 1 9  3 4 8  5 6 7
5 3 7  6 1 9  8 4 2
4 8 6  2 5 7  1 3 9

3 2 5  4 9 1  6 7 8
7 9 1  8 6 3  4 2 5
6 4 8  5 7 2  3 9 1

9 7 3  1 8 4  2 5 6
1 6 2  9 3 5  7 8 4
8 5 4  7 2 6  9 1 3
Answer: 106
2 1 9  3 4 8  5 6 7
5 3 7  6 1 9  8 4 2
4 8 6  2 5 7  1 3 9

3 2 5  4 9 1  6 7 8
7 9 1  8 6 3  4 2 5
6 4 8  5 7 2  3 9 1

9 7 3  1 8 4  2 5 6
8 6 2  9 3 5  7 1 4
1 5 4  7 2 6  9 8 3
Answer: 107
2 1 9  3 4 8  5 6 7
5 3 7  6 1 9  8 4 2
8 4 6  2 5 7  1 3 9

3 2 5  4 9 1  6 7 8
7 9 1  8 6 3  4 2 5
4 6 8  5 7 2  3 9 1

9 7 3  1 8 4  2 5 6
6 8 2  9 3 5  7 1 4
1 5 4  7 2 6  9 8 3
Answer: 108
2 1 9  3 4 8  5 6 7
5 4 7  6 1 9  8 3 2
8 3 6  2 5 7  1 4 9

3 2 5  4 9 1  6 7 8
7 9 1  8 6 3  4 2 5
4 6 8  5 7 2  3 9 1

9 7 3  1 8 4  2 5 6
6 8 2  9 3 5  7 1 4
1 5 4  7 2 6  9 8 3
Answer: 109
2 1 9  3 4 8  5 6 7
4 5 7  6 1 9  8 3 2
8 3 6  2 5 7  1 4 9

3 2 5  4 9 1  6 7 8
9 7 1  8 6 3  4 2 5
6 4 8  5 7 2  3 9 1

7 9 3  1 8 4  2 5 6
1 6 2  9 3 5  7 8 4
5 8 4  7 2 6  9 1 3
Answer: 110
2 1 9  3 4 8  5 6 7
4 5 7  6 1 9  8 3 2
8 3 6  2 5 7  1 4 9

3 7 5  4 9 1  6 2 8
9 2 1  8 6 3  4 7 5
6 4 8  5 7 2  3 9 1

7 9 3  1 8 4  2 5 6
1 6 2  9 3 5  7 8 4
5 8 4  7 2 6  9 1 3
Answer: 111
2 1 9  3 4 8  5 7 6
4 5 7  6 1 9  8 3 2
8 3 6  2 5 7  1 4 9

3 7 5  4 9 1  6 2 8
9 2 1  8 6 3  4 5 7
6 4 8  5 7 2  3 9 1

7 9 3  1 8 4  2 6 5
1 6 2  9 3 5  7 8 4
5 8 4  7 2 6  9 1 3
Answer: 112
2 1 9  3 4 8  5 6 7
4 5 7  6 1 9  8 3 2
8 3 6  2 5 7  1 4 9

3 2 5  4 9 1  6 7 8
7 9 1  8 6 3  4 2 5
6 4 8  5 7 2  3 9 1

9 7 3  1 8 4  2 5 6
1 6 2  9 3 5  7 8 4
5 8 4  7 2 6  9 1 3
SATISFIABLE

Models       : 112
Calls        : 1
Time         : 0.145s (Solving: 0.14s 1st Model: 0.00s Unsat: 0.00s)
CPU Time     : 0.145s