clingo version 5.6.2
Reading from ./instances/lp/ex05.lp
Solving...
Answer: 1
7 1 3  5 6 2  4 8 9
6 2 8  3 4 9  1 7 5
4 5 9  1 8 7  6 3 2

2 7 4  6 3 8  9 5 1
1 3 6  9 2 5  8 4 7
8 9 5  4 7 1  3 2 6

5 4 2  8 9 6  7 1 3
3 6 1  7 5 4  2 9 8
9 8 7  2 1 3  5 6 4
Answer: 2
7 1 3  5 6 2  4 8 9
6 2 8  3 4 9  1 7 5
5 4 9  1 8 7  6 3 2

2 7 4  6 3 8  9 5 1
1 3 6  9 2 5  8 4 7
8 9 5  4 7 1  3 2 6

4 5 2  8 9 6  7 1 3
3 6 1  7 5 4  2 9 8
9 8 7  2 1 3  5 6 4
Answer: 3
7 1 3  5 6 2  4 8 9
6 2 8  3 4 9  1 7 5
4 5 9  1 8 7  6 3 2

2 7 4  6 3 8  9 5 1
1 3 6  9 2 5  8 4 7
9 8 5  4 7 1  3 2 6

5 4 2  8 9 6  7 1 3
3 6 1  7 5 4  2 9 8
8 9 7  2 1 3  5 6 4
Answer: 4
7 1 3  5 6 2  4 8 9
6 2 8  3 4 9  1 7 5
5 4 9  1 8 7  6 3 2

2 7 4  6 3 8  9 5 1
1 3 6  9 2 5  8 4 7
9 8 5  4 7 1  3 2 6

4 5 2  8 9 6  7 1 3
3 6 1  7 5 4  2 9 8
8 9 7  2 1 3  5 6 4
Answer: 5
7 1 3  5 6 2  4 8 9
6 2 8  3 4 9  1 7 5
4 9 5  1 8 7  6 3 2

2 7 4  6 3 8  9 5 1
1 3 6  9 2 5  8 4 7
8 5 9  4 7 1  3 2 6

5 4 2  8 9 6  7 1 3
3 6 1  7 5 4  2 9 8
9 8 7  2 1 3  5 6 4
Answer: 6
7 1 3  5 6 2  4 8 9
6 2 8  3 4 9  1 7 5
9 4 5  1 8 7  6 3 2

2 7 4  6 3 8  9 5 1
1 3 6  9 2 5  8 4 7
5 8 9  4 7 1  3 2 6

4 5 2  8 9 6  7 1 3
3 6 1  7 5 4  2 9 8
8 9 7  2 1 3  5 6 4
Answer: 7
7 1 3  5 6 2  4 8 9
6 2 8  3 4 9  1 7 5
5 4 9  1 8 7  6 3 2

4 7 2  6 3 8  9 5 1
1 3 6  9 2 5  8 4 7
9 8 5  4 7 1  3 2 6

2 5 4  8 9 6  7 1 3
3 6 1  7 5 4  2 9 8
8 9 7  2 1 3  5 6 4
Answer: 8
7 1 3  5 6 2  4 8 9
6 2 8  3 4 9  1 7 5
5 4 9  1 8 7  6 3 2

4 7 2  6 3 8  9 5 1
1 3 6  9 2 5  8 4 7
8 9 5  4 7 1  3 2 6

2 5 4  8 9 6  7 1 3
3 6 1  7 5 4  2 9 8
9 8 7  2 1 3  5 6 4
Answer: 9
7 1 3  5 6 2  4 8 9
6 2 8  3 4 9  1 7 5
9 4 5  1 8 7  6 3 2

4 7 2  6 3 8  9 5 1
1 3 6  9 2 5  8 4 7
5 8 9  4 7 1  3 2 6

2 5 4  8 9 6  7 1 3
3 6 1  7 5 4  2 9 8
8 9 7  2 1 3  5 6 4
Answer: 10
7 1 3  5 6 2  4 8 9
6 2 8  3 4 9  1 7 5
9 5 4  1 8 7  6 3 2

4 7 2  6 3 8  9 5 1
1 3 6  9 2 5  8 4 7
5 8 9  4 7 1  3 2 6

2 4 5  8 9 6  7 1 3
3 6 1  7 5 4  2 9 8
8 9 7  2 1 3  5 6 4
Answer: 11
7 1 3  5 6 2  4 8 9
6 8 2  3 4 9  1 7 5
5 4 9  1 8 7  6 3 2

2 7 4  6 3 8  9 5 1
1 3 6  9 2 5  8 4 7
9 5 8  4 7 1  3 2 6

4 2 5  8 9 6  7 1 3
3 6 1  7 5 4  2 9 8
8 9 7  2 1 3  5 6 4
Answer: 12
7 1 3  5 6 2  4 8 9
6 2 8  3 4 9  1 7 5
5 9 4  1 8 7  6 3 2

4 7 2  6 3 8  9 5 1
1 3 6  9 2 5  8 4 7
8 5 9  4 7 1  3 2 6

2 4 5  8 9 6  7 1 3
3 6 1  7 5 4  2 9 8
9 8 7  2 1 3  5 6 4
Answer: 13
7 3 1  5 6 2  4 8 9
6 2 8  3 4 9  1 7 5
9 5 4  1 8 7  6 3 2

4 7 2  6 3 8  9 5 1
3 1 6  9 2 5  8 4 7
5 8 9  4 7 1  3 2 6

2 4 5  8 9 6  7 1 3
1 6 3  7 5 4  2 9 8
8 9 7  2 1 3  5 6 4
Answer: 14
7 3 1  5 6 2  4 8 9
6 2 8  3 4 9  1 7 5
4 5 9  1 8 7  6 3 2

2 7 4  6 3 8  9 5 1
3 1 6  9 2 5  8 4 7
9 8 5  4 7 1  3 2 6

5 4 2  8 9 6  7 1 3
1 6 3  7 5 4  2 9 8
8 9 7  2 1 3  5 6 4
Answer: 15
7 3 1  5 6 2  4 8 9
6 2 8  3 4 9  1 7 5
4 5 9  1 8 7  6 3 2

2 7 4  6 3 8  9 5 1
3 1 6  9 2 5  8 4 7
8 9 5  4 7 1  3 2 6

5 4 2  8 9 6  7 1 3
1 6 3  7 5 4  2 9 8
9 8 7  2 1 3  5 6 4
Answer: 16
7 3 1  5 6 2  4 8 9
6 2 8  3 4 9  1 7 5
4 9 5  1 8 7  6 3 2

2 7 4  6 3 8  9 5 1
3 1 6  9 2 5  8 4 7
8 5 9  4 7 1  3 2 6

5 4 2  8 9 6  7 1 3
1 6 3  7 5 4  2 9 8
9 8 7  2 1 3  5 6 4
Answer: 17
7 3 1  5 6 2  4 8 9
6 2 8  3 4 9  1 7 5
5 9 4  1 8 7  6 3 2

4 7 2  6 3 8  9 5 1
3 1 6  9 2 5  8 4 7
8 5 9  4 7 1  3 2 6

2 4 5  8 9 6  7 1 3
1 6 3  7 5 4  2 9 8
9 8 7  2 1 3  5 6 4
Answer: 18
7 3 1  5 6 2  4 8 9
6 2 8  3 4 9  1 7 5
5 4 9  1 8 7  6 3 2

2 7 4  6 3 8  9 5 1
3 1 6  9 2 5  8 4 7
9 8 5  4 7 1  3 2 6

4 5 2  8 9 6  7 1 3
1 6 3  7 5 4  2 9 8
8 9 7  2 1 3  5 6 4
Answer: 19
7 3 1  5 6 2  4 8 9
6 2 8  3 4 9  1 7 5
5 4 9  1 8 7  6 3 2

2 7 4  6 3 8  9 5 1
3 1 6  9 2 5  8 4 7
8 9 5  4 7 1  3 2 6

4 5 2  8 9 6  7 1 3
1 6 3  7 5 4  2 9 8
9 8 7  2 1 3  5 6 4
Answer: 20
7 3 1  5 6 2  4 8 9
6 2 8  3 4 9  1 7 5
5 4 9  1 8 7  6 3 2

4 7 2  6 3 8  9 5 1
3 1 6  9 2 5  8 4 7
9 8 5  4 7 1  3 2 6

2 5 4  8 9 6  7 1 3
1 6 3  7 5 4  2 9 8
8 9 7  2 1 3  5 6 4
Answer: 21
7 3 1  5 6 2  4 8 9
6 2 8  3 4 9  1 7 5
5 4 9  1 8 7  6 3 2

4 7 2  6 3 8  9 5 1
3 1 6  9 2 5  8 4 7
8 9 5  4 7 1  3 2 6

2 5 4  8 9 6  7 1 3
1 6 3  7 5 4  2 9 8
9 8 7  2 1 3  5 6 4
Answer: 22
7 3 1  5 6 2  4 8 9
6 2 8  3 4 9  1 7 5
9 4 5  1 8 7  6 3 2

4 7 2  6 3 8  9 5 1
3 1 6  9 2 5  8 4 7
5 8 9  4 7 1  3 2 6

2 5 4  8 9 6  7 1 3
1 6 3  7 5 4  2 9 8
8 9 7  2 1 3  5 6 4
Answer: 23
7 3 1  5 6 2  4 8 9
6 2 8  3 4 9  1 7 5
9 4 5  1 8 7  6 3 2

2 7 4  6 3 8  9 5 1
3 1 6  9 2 5  8 4 7
5 8 9  4 7 1  3 2 6

4 5 2  8 9 6  7 1 3
1 6 3  7 5 4  2 9 8
8 9 7  2 1 3  5 6 4
Answer: 24
7 3 1  5 6 2  4 8 9
6 8 2  3 4 9  1 7 5
5 4 9  1 8 7  6 3 2

2 7 4  6 3 8  9 5 1
3 1 6  9 2 5  8 4 7
9 5 8  4 7 1  3 2 6

4 2 5  8 9 6  7 1 3
1 6 3  7 5 4  2 9 8
8 9 7  2 1 3  5 6 4
Answer: 25
7 1 3  5 6 2  4 8 9
6 2 8  3 4 9  1 7 5
5 4 9  1 8 7  6 3 2

4 7 2  6 3 8  9 5 1
3 6 1  9 2 5  8 4 7
9 8 5  4 7 1  3 2 6

2 5 4  8 9 6  7 1 3
1 3 6  7 5 4  2 9 8
8 9 7  2 1 3  5 6 4
Answer: 26
7 1 3  5 6 2  4 8 9
6 2 8  3 4 9  1 7 5
5 4 9  1 8 7  6 3 2

4 7 2  6 3 8  9 5 1
3 6 1  9 2 5  8 4 7
8 9 5  4 7 1  3 2 6

2 5 4  8 9 6  7 1 3
1 3 6  7 5 4  2 9 8
9 8 7  2 1 3  5 6 4
Answer: 27
7 1 3  5 6 2  4 8 9
6 2 8  3 4 9  1 7 5
5 9 4  1 8 7  6 3 2

4 7 2  6 3 8  9 5 1
3 6 1  9 2 5  8 4 7
8 5 9  4 7 1  3 2 6

2 4 5  8 9 6  7 1 3
1 3 6  7 5 4  2 9 8
9 8 7  2 1 3  5 6 4
Answer: 28
7 1 3  5 6 2  4 8 9
6 2 8  3 4 9  1 7 5
9 4 5  1 8 7  6 3 2

4 7 2  6 3 8  9 5 1
3 6 1  9 2 5  8 4 7
5 8 9  4 7 1  3 2 6

2 5 4  8 9 6  7 1 3
1 3 6  7 5 4  2 9 8
8 9 7  2 1 3  5 6 4
Answer: 29
7 1 3  5 6 2  4 8 9
6 2 8  3 4 9  1 7 5
9 5 4  1 8 7  6 3 2

4 7 2  6 3 8  9 5 1
3 6 1  9 2 5  8 4 7
5 8 9  4 7 1  3 2 6

2 4 5  8 9 6  7 1 3
1 3 6  7 5 4  2 9 8
8 9 7  2 1 3  5 6 4
Answer: 30
7 3 1  5 6 2  4 8 9
6 2 8  3 4 9  1 7 5
5 4 9  1 8 7  6 3 2

4 7 2  6 3 8  9 5 1
1 6 3  9 2 5  8 4 7
9 8 5  4 7 1  3 2 6

2 5 4  8 9 6  7 1 3
3 1 6  7 5 4  2 9 8
8 9 7  2 1 3  5 6 4
Answer: 31
7 3 1  5 6 2  4 8 9
6 2 8  3 4 9  1 7 5
9 4 5  1 8 7  6 3 2

4 7 2  6 3 8  9 5 1
1 6 3  9 2 5  8 4 7
5 8 9  4 7 1  3 2 6

2 5 4  8 9 6  7 1 3
3 1 6  7 5 4  2 9 8
8 9 7  2 1 3  5 6 4
Answer: 32
7 3 1  5 6 2  4 8 9
6 2 8  3 4 9  1 7 5
5 4 9  1 8 7  6 3 2

4 7 2  6 3 8  9 5 1
1 6 3  9 2 5  8 4 7
8 9 5  4 7 1  3 2 6

2 5 4  8 9 6  7 1 3
3 1 6  7 5 4  2 9 8
9 8 7  2 1 3  5 6 4
Answer: 33
7 3 1  5 6 2  4 8 9
6 2 8  3 4 9  1 7 5
9 5 4  1 8 7  6 3 2

4 7 2  6 3 8  9 5 1
1 6 3  9 2 5  8 4 7
5 8 9  4 7 1  3 2 6

2 4 5  8 9 6  7 1 3
3 1 6  7 5 4  2 9 8
8 9 7  2 1 3  5 6 4
Answer: 34
7 3 1  5 6 2  4 8 9
6 2 8  3 4 9  1 7 5
5 9 4  1 8 7  6 3 2

4 7 2  6 3 8  9 5 1
1 6 3  9 2 5  8 4 7
8 5 9  4 7 1  3 2 6

2 4 5  8 9 6  7 1 3
3 1 6  7 5 4  2 9 8
9 8 7  2 1 3  5 6 4
Answer: 35
7 3 1  5 6 2  4 8 9
6 2 8  3 4 9  1 7 5
4 5 9  1 8 7  6 3 2

2 7 4  6 3 8  9 5 1
1 6 3  9 2 5  8 4 7
9 8 5  4 7 1  3 2 6

5 4 2  8 9 6  7 1 3
3 1 6  7 5 4  2 9 8
8 9 7  2 1 3  5 6 4
Answer: 36
7 3 1  5 6 2  4 8 9
6 2 8  3 4 9  1 7 5
5 4 9  1 8 7  6 3 2

2 7 4  6 3 8  9 5 1
1 6 3  9 2 5  8 4 7
9 8 5  4 7 1  3 2 6

4 5 2  8 9 6  7 1 3
3 1 6  7 5 4  2 9 8
8 9 7  2 1 3  5 6 4
Answer: 37
7 3 1  5 6 2  4 8 9
6 8 2  3 4 9  1 7 5
5 4 9  1 8 7  6 3 2

2 7 4  6 3 8  9 5 1
1 6 3  9 2 5  8 4 7
9 5 8  4 7 1  3 2 6

4 2 5  8 9 6  7 1 3
3 1 6  7 5 4  2 9 8
8 9 7  2 1 3  5 6 4
Answer: 38
7 1 3  5 6 2  4 8 9
6 2 8  3 4 9  1 7 5
4 5 9  1 8 7  6 3 2

2 7 4  6 3 8  9 5 1
3 6 1  9 2 5  8 4 7
9 8 5  4 7 1  3 2 6

5 4 2  8 9 6  7 1 3
1 3 6  7 5 4  2 9 8
8 9 7  2 1 3  5 6 4
Answer: 39
7 1 3  5 6 2  4 8 9
6 8 2  3 4 9  1 7 5
5 4 9  1 8 7  6 3 2

2 7 4  6 3 8  9 5 1
3 6 1  9 2 5  8 4 7
9 5 8  4 7 1  3 2 6

4 2 5  8 9 6  7 1 3
1 3 6  7 5 4  2 9 8
8 9 7  2 1 3  5 6 4
Answer: 40
7 1 3  5 6 2  4 8 9
6 2 8  3 4 9  1 7 5
5 4 9  1 8 7  6 3 2

2 7 4  6 3 8  9 5 1
3 6 1  9 2 5  8 4 7
9 8 5  4 7 1  3 2 6

4 5 2  8 9 6  7 1 3
1 3 6  7 5 4  2 9 8
8 9 7  2 1 3  5 6 4
Answer: 41
7 1 3  5 6 2  4 8 9
6 2 8  3 4 9  1 7 5
9 4 5  1 8 7  6 3 2

2 7 4  6 3 8  9 5 1
3 6 1  9 2 5  8 4 7
5 8 9  4 7 1  3 2 6

4 5 2  8 9 6  7 1 3
1 3 6  7 5 4  2 9 8
8 9 7  2 1 3  5 6 4
Answer: 42
7 3 1  5 6 2  4 8 9
6 2 8  3 4 9  1 7 5
9 4 5  1 8 7  6 3 2

2 7 4  6 3 8  9 5 1
1 6 3  9 2 5  8 4 7
5 8 9  4 7 1  3 2 6

4 5 2  8 9 6  7 1 3
3 1 6  7 5 4  2 9 8
8 9 7  2 1 3  5 6 4
Answer: 43
7 1 3  5 6 2  4 8 9
6 2 8  3 4 9  1 7 5
4 5 9  1 8 7  6 3 2

2 7 4  6 3 8  9 5 1
3 6 1  9 2 5  8 4 7
8 9 5  4 7 1  3 2 6

5 4 2  8 9 6  7 1 3
1 3 6  7 5 4  2 9 8
9 8 7  2 1 3  5 6 4
Answer: 44
7 1 3  5 6 2  4 8 9
6 2 8  3 4 9  1 7 5
5 4 9  1 8 7  6 3 2

2 7 4  6 3 8  9 5 1
3 6 1  9 2 5  8 4 7
8 9 5  4 7 1  3 2 6

4 5 2  8 9 6  7 1 3
1 3 6  7 5 4  2 9 8
9 8 7  2 1 3  5 6 4
Answer: 45
7 1 3  5 6 2  4 8 9
6 2 8  3 4 9  1 7 5
4 9 5  1 8 7  6 3 2

2 7 4  6 3 8  9 5 1
3 6 1  9 2 5  8 4 7
8 5 9  4 7 1  3 2 6

5 4 2  8 9 6  7 1 3
1 3 6  7 5 4  2 9 8
9 8 7  2 1 3  5 6 4
Answer: 46
7 3 1  5 6 2  4 8 9
6 2 8  3 4 9  1 7 5
4 5 9  1 8 7  6 3 2

2 7 4  6 3 8  9 5 1
1 6 3  9 2 5  8 4 7
8 9 5  4 7 1  3 2 6

5 4 2  8 9 6  7 1 3
3 1 6  7 5 4  2 9 8
9 8 7  2 1 3  5 6 4
Answer: 47
7 3 1  5 6 2  4 8 9
6 2 8  3 4 9  1 7 5
4 9 5  1 8 7  6 3 2

2 7 4  6 3 8  9 5 1
1 6 3  9 2 5  8 4 7
8 5 9  4 7 1  3 2 6

5 4 2  8 9 6  7 1 3
3 1 6  7 5 4  2 9 8
9 8 7  2 1 3  5 6 4
Answer: 48
7 3 1  5 6 2  4 8 9
6 2 8  3 4 9  1 7 5
5 4 9  1 8 7  6 3 2

2 7 4  6 3 8  9 5 1
1 6 3  9 2 5  8 4 7
8 9 5  4 7 1  3 2 6

4 5 2  8 9 6  7 1 3
3 1 6  7 5 4  2 9 8
9 8 7  2 1 3  5 6 4
Answer: 49
7 3 1  5 6 2  4 8 9
6 8 2  3 4 9  1 7 5
4 5 9  1 8 7  6 3 2

2 4 7  6 3 8  9 5 1
3 1 6  9 2 5  8 4 7
8 9 5  4 7 1  3 2 6

5 2 4  8 9 6  7 1 3
1 6 3  7 5 4  2 9 8
9 7 8  2 1 3  5 6 4
Answer: 50
7 3 1  5 6 2  4 8 9
6 8 2  3 4 9  1 7 5
5 4 9  1 8 7  6 3 2

4 2 7  6 3 8  9 5 1
3 1 6  9 2 5  8 4 7
8 9 5  4 7 1  3 2 6

2 5 4  8 9 6  7 1 3
1 6 3  7 5 4  2 9 8
9 7 8  2 1 3  5 6 4
Answer: 51
7 3 1  5 6 2  4 8 9
6 8 2  3 4 9  1 7 5
4 5 9  1 8 7  6 3 2

2 4 7  6 3 8  9 5 1
1 6 3  9 2 5  8 4 7
8 9 5  4 7 1  3 2 6

5 2 4  8 9 6  7 1 3
3 1 6  7 5 4  2 9 8
9 7 8  2 1 3  5 6 4
Answer: 52
7 3 1  5 6 2  4 8 9
6 8 2  3 4 9  1 7 5
5 4 9  1 8 7  6 3 2

4 2 7  6 3 8  9 5 1
1 6 3  9 2 5  8 4 7
8 9 5  4 7 1  3 2 6

2 5 4  8 9 6  7 1 3
3 1 6  7 5 4  2 9 8
9 7 8  2 1 3  5 6 4
Answer: 53
7 1 3  5 6 2  4 8 9
6 8 2  3 4 9  1 7 5
4 5 9  1 8 7  6 3 2

2 4 7  6 3 8  9 5 1
3 6 1  9 2 5  8 4 7
8 9 5  4 7 1  3 2 6

5 2 4  8 9 6  7 1 3
1 3 6  7 5 4  2 9 8
9 7 8  2 1 3  5 6 4
Answer: 54
7 1 3  5 6 2  4 8 9
6 8 2  3 4 9  1 7 5
4 5 9  1 8 7  6 3 2

2 4 7  6 3 8  9 5 1
1 3 6  9 2 5  8 4 7
8 9 5  4 7 1  3 2 6

5 2 4  8 9 6  7 1 3
3 6 1  7 5 4  2 9 8
9 7 8  2 1 3  5 6 4
Answer: 55
7 1 3  5 6 2  4 8 9
6 8 2  3 4 9  1 7 5
5 4 9  1 8 7  6 3 2

4 2 7  6 3 8  9 5 1
3 6 1  9 2 5  8 4 7
8 9 5  4 7 1  3 2 6

2 5 4  8 9 6  7 1 3
1 3 6  7 5 4  2 9 8
9 7 8  2 1 3  5 6 4
Answer: 56
7 1 3  5 6 2  4 8 9
6 8 2  3 4 9  1 7 5
5 4 9  1 8 7  6 3 2

4 2 7  6 3 8  9 5 1
1 3 6  9 2 5  8 4 7
8 9 5  4 7 1  3 2 6

2 5 4  8 9 6  7 1 3
3 6 1  7 5 4  2 9 8
9 7 8  2 1 3  5 6 4
Answer: 57
7 3 1  5 6 2  4 8 9
6 8 2  3 4 9  1 7 5
4 9 5  1 8 7  6 3 2

2 4 7  6 3 8  9 5 1
3 1 6  9 2 5  8 4 7
8 5 9  4 7 1  3 2 6

5 2 4  8 9 6  7 1 3
1 6 3  7 5 4  2 9 8
9 7 8  2 1 3  5 6 4
Answer: 58
7 3 1  5 6 2  4 8 9
6 8 2  3 4 9  1 7 5
4 9 5  1 8 7  6 3 2

2 4 7  6 3 8  9 5 1
1 6 3  9 2 5  8 4 7
8 5 9  4 7 1  3 2 6

5 2 4  8 9 6  7 1 3
3 1 6  7 5 4  2 9 8
9 7 8  2 1 3  5 6 4
Answer: 59
7 1 3  5 6 2  4 8 9
6 8 2  3 4 9  1 7 5
4 9 5  1 8 7  6 3 2

2 4 7  6 3 8  9 5 1
3 6 1  9 2 5  8 4 7
8 5 9  4 7 1  3 2 6

5 2 4  8 9 6  7 1 3
1 3 6  7 5 4  2 9 8
9 7 8  2 1 3  5 6 4
Answer: 60
7 3 1  5 6 2  4 8 9
6 8 2  3 4 9  1 7 5
5 9 4  1 8 7  6 3 2

2 4 7  6 3 8  9 5 1
3 1 6  9 2 5  8 4 7
8 5 9  4 7 1  3 2 6

4 2 5  8 9 6  7 1 3
1 6 3  7 5 4  2 9 8
9 7 8  2 1 3  5 6 4
Answer: 61
7 3 1  5 6 2  4 8 9
6 8 2  3 4 9  1 7 5
5 9 4  1 8 7  6 3 2

4 2 7  6 3 8  9 5 1
3 1 6  9 2 5  8 4 7
8 5 9  4 7 1  3 2 6

2 4 5  8 9 6  7 1 3
1 6 3  7 5 4  2 9 8
9 7 8  2 1 3  5 6 4
Answer: 62
7 1 3  5 6 2  4 8 9
6 8 2  3 4 9  1 7 5
5 9 4  1 8 7  6 3 2

2 4 7  6 3 8  9 5 1
3 6 1  9 2 5  8 4 7
8 5 9  4 7 1  3 2 6

4 2 5  8 9 6  7 1 3
1 3 6  7 5 4  2 9 8
9 7 8  2 1 3  5 6 4
Answer: 63
7 1 3  5 6 2  4 8 9
6 8 2  3 4 9  1 7 5
5 9 4  1 8 7  6 3 2

4 2 7  6 3 8  9 5 1
3 6 1  9 2 5  8 4 7
8 5 9  4 7 1  3 2 6

2 4 5  8 9 6  7 1 3
1 3 6  7 5 4  2 9 8
9 7 8  2 1 3  5 6 4
Answer: 64
7 3 1  5 6 2  4 8 9
6 8 2  3 4 9  1 7 5
5 9 4  1 8 7  6 3 2

2 4 7  6 3 8  9 5 1
1 6 3  9 2 5  8 4 7
8 5 9  4 7 1  3 2 6

4 2 5  8 9 6  7 1 3
3 1 6  7 5 4  2 9 8
9 7 8  2 1 3  5 6 4
Answer: 65
7 3 1  5 6 2  4 8 9
6 8 2  3 4 9  1 7 5
5 9 4  1 8 7  6 3 2

4 2 7  6 3 8  9 5 1
1 6 3  9 2 5  8 4 7
8 5 9  4 7 1  3 2 6

2 4 5  8 9 6  7 1 3
3 1 6  7 5 4  2 9 8
9 7 8  2 1 3  5 6 4
Answer: 66
7 1 3  5 6 2  4 8 9
6 8 2  3 4 9  1 7 5
4 9 5  1 8 7  6 3 2

2 4 7  6 3 8  9 5 1
1 3 6  9 2 5  8 4 7
8 5 9  4 7 1  3 2 6

5 2 4  8 9 6  7 1 3
3 6 1  7 5 4  2 9 8
9 7 8  2 1 3  5 6 4
Answer: 67
7 1 3  5 6 2  4 8 9
6 8 2  3 4 9  1 7 5
5 9 4  1 8 7  6 3 2

2 4 7  6 3 8  9 5 1
1 3 6  9 2 5  8 4 7
8 5 9  4 7 1  3 2 6

4 2 5  8 9 6  7 1 3
3 6 1  7 5 4  2 9 8
9 7 8  2 1 3  5 6 4
Answer: 68
7 1 3  5 6 2  4 8 9
6 8 2  3 4 9  1 7 5
5 9 4  1 8 7  6 3 2

4 2 7  6 3 8  9 5 1
1 3 6  9 2 5  8 4 7
8 5 9  4 7 1  3 2 6

2 4 5  8 9 6  7 1 3
3 6 1  7 5 4  2 9 8
9 7 8  2 1 3  5 6 4
Answer: 69
7 1 3  5 6 2  4 8 9
6 8 2  3 4 9  1 7 5
4 9 5  1 8 7  6 3 2

2 4 7  6 3 8  9 5 1
3 6 1  9 2 5  8 4 7
9 5 8  4 7 1  3 2 6

5 2 4  8 9 6  7 1 3
1 3 6  7 5 4  2 9 8
8 7 9  2 1 3  5 6 4
Answer: 70
7 3 1  5 6 2  4 8 9
6 8 2  3 4 9  1 7 5
4 9 5  1 8 7  6 3 2

2 4 7  6 3 8  9 5 1
1 6 3  9 2 5  8 4 7
9 5 8  4 7 1  3 2 6

5 2 4  8 9 6  7 1 3
3 1 6  7 5 4  2 9 8
8 7 9  2 1 3  5 6 4
Answer: 71
7 1 3  5 6 2  4 8 9
6 8 2  3 4 9  1 7 5
9 4 5  1 8 7  6 3 2

4 2 7  6 3 8  9 5 1
3 6 1  9 2 5  8 4 7
5 9 8  4 7 1  3 2 6

2 5 4  8 9 6  7 1 3
1 3 6  7 5 4  2 9 8
8 7 9  2 1 3  5 6 4
Answer: 72
7 3 1  5 6 2  4 8 9
6 8 2  3 4 9  1 7 5
9 4 5  1 8 7  6 3 2

4 2 7  6 3 8  9 5 1
1 6 3  9 2 5  8 4 7
5 9 8  4 7 1  3 2 6

2 5 4  8 9 6  7 1 3
3 1 6  7 5 4  2 9 8
8 7 9  2 1 3  5 6 4
Answer: 73
7 3 1  5 6 2  4 8 9
6 8 2  3 4 9  1 7 5
4 9 5  1 8 7  6 3 2

2 4 7  6 3 8  9 5 1
3 1 6  9 2 5  8 4 7
9 5 8  4 7 1  3 2 6

5 2 4  8 9 6  7 1 3
1 6 3  7 5 4  2 9 8
8 7 9  2 1 3  5 6 4
Answer: 74
7 3 1  5 6 2  4 8 9
6 8 2  3 4 9  1 7 5
9 4 5  1 8 7  6 3 2

4 2 7  6 3 8  9 5 1
3 1 6  9 2 5  8 4 7
5 9 8  4 7 1  3 2 6

2 5 4  8 9 6  7 1 3
1 6 3  7 5 4  2 9 8
8 7 9  2 1 3  5 6 4
Answer: 75
7 1 3  5 6 2  4 8 9
6 2 8  3 4 9  1 7 5
5 9 4  1 8 7  6 3 2

2 4 7  6 3 8  9 5 1
3 6 1  9 2 5  8 4 7
9 8 5  4 7 1  3 2 6

4 5 2  8 9 6  7 1 3
1 3 6  7 5 4  2 9 8
8 7 9  2 1 3  5 6 4
Answer: 76
7 3 1  5 6 2  4 8 9
6 2 8  3 4 9  1 7 5
5 9 4  1 8 7  6 3 2

2 4 7  6 3 8  9 5 1
3 1 6  9 2 5  8 4 7
9 8 5  4 7 1  3 2 6

4 5 2  8 9 6  7 1 3
1 6 3  7 5 4  2 9 8
8 7 9  2 1 3  5 6 4
Answer: 77
7 3 1  5 6 2  4 8 9
6 2 8  3 4 9  1 7 5
5 9 4  1 8 7  6 3 2

2 4 7  6 3 8  9 5 1
1 6 3  9 2 5  8 4 7
9 8 5  4 7 1  3 2 6

4 5 2  8 9 6  7 1 3
3 1 6  7 5 4  2 9 8
8 7 9  2 1 3  5 6 4
Answer: 78
7 1 3  5 6 2  4 8 9
6 2 8  3 4 9  1 7 5
5 9 4  1 8 7  6 3 2

2 4 7  6 3 8  9 5 1
1 3 6  9 2 5  8 4 7
9 8 5  4 7 1  3 2 6

4 5 2  8 9 6  7 1 3
3 6 1  7 5 4  2 9 8
8 7 9  2 1 3  5 6 4
Answer: 79
7 1 3  5 6 2  4 8 9
6 8 2  3 4 9  1 7 5
4 9 5  1 8 7  6 3 2

2 4 7  6 3 8  9 5 1
1 3 6  9 2 5  8 4 7
9 5 8  4 7 1  3 2 6

5 2 4  8 9 6  7 1 3
3 6 1  7 5 4  2 9 8
8 7 9  2 1 3  5 6 4
Answer: 80
7 1 3  5 6 2  4 8 9
6 8 2  3 4 9  1 7 5
9 4 5  1 8 7  6 3 2

4 2 7  6 3 8  9 5 1
1 3 6  9 2 5  8 4 7
5 9 8  4 7 1  3 2 6

2 5 4  8 9 6  7 1 3
3 6 1  7 5 4  2 9 8
8 7 9  2 1 3  5 6 4
Answer: 81
7 1 3  5 6 2  4 8 9
6 8 2  3 4 9  1 7 5
5 9 4  1 8 7  6 3 2

4 2 7  6 3 8  9 5 1
3 6 1  9 2 5  8 4 7
9 5 8  4 7 1  3 2 6

2 4 5  8 9 6  7 1 3
1 3 6  7 5 4  2 9 8
8 7 9  2 1 3  5 6 4
Answer: 82
7 1 3  5 6 2  4 8 9
6 8 2  3 4 9  1 7 5
5 9 4  1 8 7  6 3 2

2 4 7  6 3 8  9 5 1
3 6 1  9 2 5  8 4 7
9 5 8  4 7 1  3 2 6

4 2 5  8 9 6  7 1 3
1 3 6  7 5 4  2 9 8
8 7 9  2 1 3  5 6 4
Answer: 83
7 1 3  5 6 2  4 8 9
6 8 2  3 4 9  1 7 5
9 5 4  1 8 7  6 3 2

4 2 7  6 3 8  9 5 1
3 6 1  9 2 5  8 4 7
5 9 8  4 7 1  3 2 6

2 4 5  8 9 6  7 1 3
1 3 6  7 5 4  2 9 8
8 7 9  2 1 3  5 6 4
Answer: 84
7 1 3  5 6 2  4 8 9
6 8 2  3 4 9  1 7 5
9 5 4  1 8 7  6 3 2

2 4 7  6 3 8  9 5 1
3 6 1  9 2 5  8 4 7
5 9 8  4 7 1  3 2 6

4 2 5  8 9 6  7 1 3
1 3 6  7 5 4  2 9 8
8 7 9  2 1 3  5 6 4
Answer: 85
7 3 1  5 6 2  4 8 9
6 8 2  3 4 9  1 7 5
9 5 4  1 8 7  6 3 2

4 2 7  6 3 8  9 5 1
1 6 3  9 2 5  8 4 7
5 9 8  4 7 1  3 2 6

2 4 5  8 9 6  7 1 3
3 1 6  7 5 4  2 9 8
8 7 9  2 1 3  5 6 4
Answer: 86
7 3 1  5 6 2  4 8 9
6 8 2  3 4 9  1 7 5
5 9 4  1 8 7  6 3 2

4 2 7  6 3 8  9 5 1
1 6 3  9 2 5  8 4 7
9 5 8  4 7 1  3 2 6

2 4 5  8 9 6  7 1 3
3 1 6  7 5 4  2 9 8
8 7 9  2 1 3  5 6 4
Answer: 87
7 3 1  5 6 2  4 8 9
6 8 2  3 4 9  1 7 5
9 5 4  1 8 7  6 3 2

2 4 7  6 3 8  9 5 1
1 6 3  9 2 5  8 4 7
5 9 8  4 7 1  3 2 6

4 2 5  8 9 6  7 1 3
3 1 6  7 5 4  2 9 8
8 7 9  2 1 3  5 6 4
Answer: 88
7 3 1  5 6 2  4 8 9
6 8 2  3 4 9  1 7 5
5 9 4  1 8 7  6 3 2

2 4 7  6 3 8  9 5 1
1 6 3  9 2 5  8 4 7
9 5 8  4 7 1  3 2 6

4 2 5  8 9 6  7 1 3
3 1 6  7 5 4  2 9 8
8 7 9  2 1 3  5 6 4
Answer: 89
7 1 3  5 6 2  4 8 9
6 8 2  3 4 9  1 7 5
9 5 4  1 8 7  6 3 2

4 2 7  6 3 8  9 5 1
1 3 6  9 2 5  8 4 7
5 9 8  4 7 1  3 2 6

2 4 5  8 9 6  7 1 3
3 6 1  7 5 4  2 9 8
8 7 9  2 1 3  5 6 4
Answer: 90
7 1 3  5 6 2  4 8 9
6 8 2  3 4 9  1 7 5
9 5 4  1 8 7  6 3 2

2 4 7  6 3 8  9 5 1
1 3 6  9 2 5  8 4 7
5 9 8  4 7 1  3 2 6

4 2 5  8 9 6  7 1 3
3 6 1  7 5 4  2 9 8
8 7 9  2 1 3  5 6 4
Answer: 91
7 3 1  5 6 2  4 8 9
6 8 2  3 4 9  1 7 5
9 5 4  1 8 7  6 3 2

4 2 7  6 3 8  9 5 1
3 1 6  9 2 5  8 4 7
5 9 8  4 7 1  3 2 6

2 4 5  8 9 6  7 1 3
1 6 3  7 5 4  2 9 8
8 7 9  2 1 3  5 6 4
Answer: 92
7 3 1  5 6 2  4 8 9
6 8 2  3 4 9  1 7 5
9 5 4  1 8 7  6 3 2

2 4 7  6 3 8  9 5 1
3 1 6  9 2 5  8 4 7
5 9 8  4 7 1  3 2 6

4 2 5  8 9 6  7 1 3
1 6 3  7 5 4  2 9 8
8 7 9  2 1 3  5 6 4
Answer: 93
7 1 3  5 6 2  4 8 9
6 8 2  3 4 9  1 7 5
5 9 4  1 8 7  6 3 2

4 2 7  6 3 8  9 5 1
1 3 6  9 2 5  8 4 7
9 5 8  4 7 1  3 2 6

2 4 5  8 9 6  7 1 3
3 6 1  7 5 4  2 9 8
8 7 9  2 1 3  5 6 4
Answer: 94
7 3 1  5 6 2  4 8 9
6 8 2  3 4 9  1 7 5
5 9 4  1 8 7  6 3 2

4 2 7  6 3 8  9 5 1
3 1 6  9 2 5  8 4 7
9 5 8  4 7 1  3 2 6

2 4 5  8 9 6  7 1 3
1 6 3  7 5 4  2 9 8
8 7 9  2 1 3  5 6 4
Answer: 95
7 1 3  5 6 2  4 8 9
6 8 2  3 4 9  1 7 5
5 9 4  1 8 7  6 3 2

2 4 7  6 3 8  9 5 1
1 3 6  9 2 5  8 4 7
9 5 8  4 7 1  3 2 6

4 2 5  8 9 6  7 1 3
3 6 1  7 5 4  2 9 8
8 7 9  2 1 3  5 6 4
Answer: 96
7 3 1  5 6 2  4 8 9
6 8 2  3 4 9  1 7 5
5 9 4  1 8 7  6 3 2

2 4 7  6 3 8  9 5 1
3 1 6  9 2 5  8 4 7
9 5 8  4 7 1  3 2 6

4 2 5  8 9 6  7 1 3
1 6 3  7 5 4  2 9 8
8 7 9  2 1 3  5 6 4
Answer: 97
3 1 7  5 6 2  4 8 9
8 2 6  3 4 9  1 7 5
9 4 5  1 8 7  6 3 2

2 7 4  6 3 8  9 5 1
1 6 3  9 2 5  8 4 7
5 8 9  4 7 1  3 2 6

4 5 2  8 9 6  7 1 3
6 3 1  7 5 4  2 9 8
7 9 8  2 1 3  5 6 4
Answer: 98
3 1 7  5 6 2  4 8 9
8 2 6  3 4 9  1 7 5
9 4 5  1 8 7  6 3 2

4 7 2  6 3 8  9 5 1
1 6 3  9 2 5  8 4 7
5 8 9  4 7 1  3 2 6

2 5 4  8 9 6  7 1 3
6 3 1  7 5 4  2 9 8
7 9 8  2 1 3  5 6 4
Answer: 99
3 1 7  5 6 2  4 8 9
8 2 6  3 4 9  1 7 5
4 9 5  1 8 7  6 3 2

7 4 2  6 3 8  9 5 1
1 6 3  9 2 5  8 4 7
5 8 9  4 7 1  3 2 6

2 5 4  8 9 6  7 1 3
6 3 1  7 5 4  2 9 8
9 7 8  2 1 3  5 6 4
Answer: 100
3 1 7  5 6 2  4 8 9
8 2 6  3 4 9  1 7 5
4 5 9  1 8 7  6 3 2

2 7 4  6 3 8  9 5 1
1 6 3  9 2 5  8 4 7
9 8 5  4 7 1  3 2 6

5 4 2  8 9 6  7 1 3
6 3 1  7 5 4  2 9 8
7 9 8  2 1 3  5 6 4
Answer: 101
3 1 7  5 6 2  4 8 9
8 2 6  3 4 9  1 7 5
9 5 4  1 8 7  6 3 2

4 7 2  6 3 8  9 5 1
1 6 3  9 2 5  8 4 7
5 8 9  4 7 1  3 2 6

2 4 5  8 9 6  7 1 3
6 3 1  7 5 4  2 9 8
7 9 8  2 1 3  5 6 4
Answer: 102
3 1 7  5 6 2  4 8 9
8 2 6  3 4 9  1 7 5
9 4 5  1 8 7  6 3 2

4 7 2  6 3 8  9 5 1
1 6 3  9 2 5  8 4 7
5 9 8  4 7 1  3 2 6

2 5 4  8 9 6  7 1 3
6 3 1  7 5 4  2 9 8
7 8 9  2 1 3  5 6 4
Answer: 103
3 1 7  5 6 2  4 8 9
8 2 6  3 4 9  1 7 5
9 4 5  1 8 7  6 3 2

2 7 4  6 3 8  9 5 1
1 6 3  9 2 5  8 4 7
5 9 8  4 7 1  3 2 6

4 5 2  8 9 6  7 1 3
6 3 1  7 5 4  2 9 8
7 8 9  2 1 3  5 6 4
Answer: 104
3 1 7  5 6 2  4 8 9
8 2 6  3 4 9  1 7 5
4 9 5  1 8 7  6 3 2

2 7 4  6 3 8  9 5 1
1 6 3  9 2 5  8 4 7
9 5 8  4 7 1  3 2 6

5 4 2  8 9 6  7 1 3
6 3 1  7 5 4  2 9 8
7 8 9  2 1 3  5 6 4
Answer: 105
3 1 7  5 6 2  4 8 9
8 2 6  3 4 9  1 7 5
9 5 4  1 8 7  6 3 2

4 7 2  6 3 8  9 5 1
1 6 3  9 2 5  8 4 7
5 9 8  4 7 1  3 2 6

2 4 5  8 9 6  7 1 3
6 3 1  7 5 4  2 9 8
7 8 9  2 1 3  5 6 4
Answer: 106
3 1 7  5 6 2  4 8 9
2 8 6  3 4 9  1 7 5
9 4 5  1 8 7  6 3 2

4 7 2  6 3 8  9 5 1
1 6 3  9 2 5  8 4 7
8 5 9  4 7 1  3 2 6

5 2 4  8 9 6  7 1 3
6 3 1  7 5 4  2 9 8
7 9 8  2 1 3  5 6 4
Answer: 107
3 1 7  5 6 2  4 8 9
2 8 6  3 4 9  1 7 5
4 5 9  1 8 7  6 3 2

7 4 2  6 3 8  9 5 1
1 6 3  9 2 5  8 4 7
8 9 5  4 7 1  3 2 6

5 2 4  8 9 6  7 1 3
6 3 1  7 5 4  2 9 8
9 7 8  2 1 3  5 6 4
Answer: 108
3 1 7  5 6 2  4 8 9
2 8 6  3 4 9  1 7 5
4 9 5  1 8 7  6 3 2

7 4 2  6 3 8  9 5 1
1 6 3  9 2 5  8 4 7
8 5 9  4 7 1  3 2 6

5 2 4  8 9 6  7 1 3
6 3 1  7 5 4  2 9 8
9 7 8  2 1 3  5 6 4
Answer: 109
3 1 7  5 6 2  4 8 9
2 8 6  3 4 9  1 7 5
9 5 4  1 8 7  6 3 2

7 4 2  6 3 8  9 5 1
1 6 3  9 2 5  8 4 7
5 9 8  4 7 1  3 2 6

4 2 5  8 9 6  7 1 3
6 3 1  7 5 4  2 9 8
8 7 9  2 1 3  5 6 4
Answer: 110
3 1 7  5 6 2  4 8 9
2 8 6  3 4 9  1 7 5
4 9 5  1 8 7  6 3 2

7 4 2  6 3 8  9 5 1
1 6 3  9 2 5  8 4 7
9 5 8  4 7 1  3 2 6

5 2 4  8 9 6  7 1 3
6 3 1  7 5 4  2 9 8
8 7 9  2 1 3  5 6 4
Answer: 111
3 1 7  5 6 2  4 8 9
2 8 6  3 4 9  1 7 5
4 5 9  1 8 7  6 3 2

7 2 4  6 3 8  9 5 1
1 6 3  9 2 5  8 4 7
8 9 5  4 7 1  3 2 6

5 4 2  8 9 6  7 1 3
6 3 1  7 5 4  2 9 8
9 7 8  2 1 3  5 6 4
Answer: 112
3 1 7  5 6 2  4 8 9
2 8 6  3 4 9  1 7 5
4 9 5  1 8 7  6 3 2

7 2 4  6 3 8  9 5 1
1 6 3  9 2 5  8 4 7
8 5 9  4 7 1  3 2 6

5 4 2  8 9 6  7 1 3
6 3 1  7 5 4  2 9 8
9 7 8  2 1 3  5 6 4
Answer: 113
3 1 7  5 6 2  4 8 9
2 8 6  3 4 9  1 7 5
4 9 5  1 8 7  6 3 2

7 2 4  6 3 8  9 5 1
1 6 3  9 2 5  8 4 7
9 5 8  4 7 1  3 2 6

5 4 2  8 9 6  7 1 3
6 3 1  7 5 4  2 9 8
8 7 9  2 1 3  5 6 4
Answer: 114
3 1 7  5 6 2  4 8 9
2 8 6  3 4 9  1 7 5
9 4 5  1 8 7  6 3 2

7 2 4  6 3 8  9 5 1
1 6 3  9 2 5  8 4 7
5 9 8  4 7 1  3 2 6

4 5 2  8 9 6  7 1 3
6 3 1  7 5 4  2 9 8
8 7 9  2 1 3  5 6 4
Answer: 115
3 7 1  5 6 2  4 8 9
2 6 8  3 4 9  1 7 5
4 5 9  1 8 7  6 3 2

7 2 4  6 3 8  9 5 1
6 1 3  9 2 5  8 4 7
9 8 5  4 7 1  3 2 6

5 4 2  8 9 6  7 1 3
1 3 6  7 5 4  2 9 8
8 9 7  2 1 3  5 6 4
Answer: 116
3 7 1  5 6 2  4 8 9
2 6 8  3 4 9  1 7 5
4 5 9  1 8 7  6 3 2

7 2 4  6 3 8  9 5 1
6 1 3  9 2 5  8 4 7
8 9 5  4 7 1  3 2 6

5 4 2  8 9 6  7 1 3
1 3 6  7 5 4  2 9 8
9 8 7  2 1 3  5 6 4
Answer: 117
3 7 1  5 6 2  4 8 9
2 6 8  3 4 9  1 7 5
4 5 9  1 8 7  6 3 2

7 4 2  6 3 8  9 5 1
6 1 3  9 2 5  8 4 7
9 8 5  4 7 1  3 2 6

5 2 4  8 9 6  7 1 3
1 3 6  7 5 4  2 9 8
8 9 7  2 1 3  5 6 4
Answer: 118
3 7 1  5 6 2  4 8 9
2 6 8  3 4 9  1 7 5
4 5 9  1 8 7  6 3 2

7 4 2  6 3 8  9 5 1
6 1 3  9 2 5  8 4 7
8 9 5  4 7 1  3 2 6

5 2 4  8 9 6  7 1 3
1 3 6  7 5 4  2 9 8
9 8 7  2 1 3  5 6 4
Answer: 119
3 7 1  5 6 2  4 8 9
2 6 8  3 4 9  1 7 5
4 9 5  1 8 7  6 3 2

7 2 4  6 3 8  9 5 1
6 1 3  9 2 5  8 4 7
8 5 9  4 7 1  3 2 6

5 4 2  8 9 6  7 1 3
1 3 6  7 5 4  2 9 8
9 8 7  2 1 3  5 6 4
Answer: 120
3 7 1  5 6 2  4 8 9
2 6 8  3 4 9  1 7 5
4 9 5  1 8 7  6 3 2

7 4 2  6 3 8  9 5 1
6 1 3  9 2 5  8 4 7
8 5 9  4 7 1  3 2 6

5 2 4  8 9 6  7 1 3
1 3 6  7 5 4  2 9 8
9 8 7  2 1 3  5 6 4
Answer: 121
3 7 1  5 6 2  4 8 9
8 6 2  3 4 9  1 7 5
4 5 9  1 8 7  6 3 2

2 4 7  6 3 8  9 5 1
6 1 3  9 2 5  8 4 7
9 8 5  4 7 1  3 2 6

5 2 4  8 9 6  7 1 3
1 3 6  7 5 4  2 9 8
7 9 8  2 1 3  5 6 4
Answer: 122
3 7 1  5 6 2  4 8 9
2 6 8  3 4 9  1 7 5
9 5 4  1 8 7  6 3 2

4 2 7  6 3 8  9 5 1
6 1 3  9 2 5  8 4 7
8 9 5  4 7 1  3 2 6

5 4 2  8 9 6  7 1 3
1 3 6  7 5 4  2 9 8
7 8 9  2 1 3  5 6 4
Answer: 123
3 7 1  5 6 2  4 8 9
8 6 2  3 4 9  1 7 5
4 9 5  1 8 7  6 3 2

2 4 7  6 3 8  9 5 1
6 1 3  9 2 5  8 4 7
9 5 8  4 7 1  3 2 6

5 2 4  8 9 6  7 1 3
1 3 6  7 5 4  2 9 8
7 8 9  2 1 3  5 6 4
Answer: 124
3 7 1  5 6 2  4 8 9
8 6 2  3 4 9  1 7 5
9 4 5  1 8 7  6 3 2

4 2 7  6 3 8  9 5 1
6 1 3  9 2 5  8 4 7
5 8 9  4 7 1  3 2 6

2 5 4  8 9 6  7 1 3
1 3 6  7 5 4  2 9 8
7 9 8  2 1 3  5 6 4
Answer: 125
3 7 1  5 6 2  4 8 9
2 6 8  3 4 9  1 7 5
9 4 5  1 8 7  6 3 2

7 2 4  6 3 8  9 5 1
6 1 3  9 2 5  8 4 7
5 8 9  4 7 1  3 2 6

4 5 2  8 9 6  7 1 3
1 3 6  7 5 4  2 9 8
8 9 7  2 1 3  5 6 4
Answer: 126
3 7 1  5 6 2  4 8 9
8 6 2  3 4 9  1 7 5
9 5 4  1 8 7  6 3 2

4 2 7  6 3 8  9 5 1
6 1 3  9 2 5  8 4 7
5 8 9  4 7 1  3 2 6

2 4 5  8 9 6  7 1 3
1 3 6  7 5 4  2 9 8
7 9 8  2 1 3  5 6 4
Answer: 127
3 7 1  5 6 2  4 8 9
8 6 2  3 4 9  1 7 5
9 5 4  1 8 7  6 3 2

2 4 7  6 3 8  9 5 1
6 1 3  9 2 5  8 4 7
5 8 9  4 7 1  3 2 6

4 2 5  8 9 6  7 1 3
1 3 6  7 5 4  2 9 8
7 9 8  2 1 3  5 6 4
Answer: 128
3 7 1  5 6 2  4 8 9
2 6 8  3 4 9  1 7 5
9 5 4  1 8 7  6 3 2

7 4 2  6 3 8  9 5 1
6 1 3  9 2 5  8 4 7
5 8 9  4 7 1  3 2 6

4 2 5  8 9 6  7 1 3
1 3 6  7 5 4  2 9 8
8 9 7  2 1 3  5 6 4
Answer: 129
3 7 1  5 6 2  4 8 9
8 6 2  3 4 9  1 7 5
4 5 9  1 8 7  6 3 2

7 2 4  6 3 8  9 5 1
6 1 3  9 2 5  8 4 7
5 9 8  4 7 1  3 2 6

2 4 5  8 9 6  7 1 3
1 3 6  7 5 4  2 9 8
9 8 7  2 1 3  5 6 4
Answer: 130
3 7 1  5 6 2  4 8 9
8 6 2  3 4 9  1 7 5
9 4 5  1 8 7  6 3 2

4 2 7  6 3 8  9 5 1
6 1 3  9 2 5  8 4 7
5 9 8  4 7 1  3 2 6

2 5 4  8 9 6  7 1 3
1 3 6  7 5 4  2 9 8
7 8 9  2 1 3  5 6 4
Answer: 131
3 7 1  5 6 2  4 8 9
8 6 2  3 4 9  1 7 5
9 5 4  1 8 7  6 3 2

4 2 7  6 3 8  9 5 1
6 1 3  9 2 5  8 4 7
5 9 8  4 7 1  3 2 6

2 4 5  8 9 6  7 1 3
1 3 6  7 5 4  2 9 8
7 8 9  2 1 3  5 6 4
Answer: 132
3 7 1  5 6 2  4 8 9
8 6 2  3 4 9  1 7 5
9 5 4  1 8 7  6 3 2

2 4 7  6 3 8  9 5 1
6 1 3  9 2 5  8 4 7
5 9 8  4 7 1  3 2 6

4 2 5  8 9 6  7 1 3
1 3 6  7 5 4  2 9 8
7 8 9  2 1 3  5 6 4
Answer: 133
3 1 7  5 6 2  4 8 9
2 8 6  3 4 9  1 7 5
5 9 4  1 8 7  6 3 2

7 4 2  6 3 8  9 5 1
1 6 3  9 2 5  8 4 7
9 5 8  4 7 1  3 2 6

4 2 5  8 9 6  7 1 3
6 3 1  7 5 4  2 9 8
8 7 9  2 1 3  5 6 4
Answer: 134
3 7 1  5 6 2  4 8 9
8 6 2  3 4 9  1 7 5
5 4 9  1 8 7  6 3 2

4 2 7  6 3 8  9 5 1
6 1 3  9 2 5  8 4 7
9 8 5  4 7 1  3 2 6

2 5 4  8 9 6  7 1 3
1 3 6  7 5 4  2 9 8
7 9 8  2 1 3  5 6 4
Answer: 135
3 1 7  5 6 2  4 8 9
8 2 6  3 4 9  1 7 5
5 4 9  1 8 7  6 3 2

4 7 2  6 3 8  9 5 1
1 6 3  9 2 5  8 4 7
9 8 5  4 7 1  3 2 6

2 5 4  8 9 6  7 1 3
6 3 1  7 5 4  2 9 8
7 9 8  2 1 3  5 6 4
Answer: 136
3 1 7  5 6 2  4 8 9
8 2 6  3 4 9  1 7 5
5 4 9  1 8 7  6 3 2

2 7 4  6 3 8  9 5 1
1 6 3  9 2 5  8 4 7
9 8 5  4 7 1  3 2 6

4 5 2  8 9 6  7 1 3
6 3 1  7 5 4  2 9 8
7 9 8  2 1 3  5 6 4
Answer: 137
3 7 1  5 6 2  4 8 9
2 6 8  3 4 9  1 7 5
5 4 9  1 8 7  6 3 2

7 2 4  6 3 8  9 5 1
6 1 3  9 2 5  8 4 7
9 8 5  4 7 1  3 2 6

4 5 2  8 9 6  7 1 3
1 3 6  7 5 4  2 9 8
8 9 7  2 1 3  5 6 4
Answer: 138
3 1 7  5 6 2  4 8 9
2 8 6  3 4 9  1 7 5
5 4 9  1 8 7  6 3 2

7 2 4  6 3 8  9 5 1
1 6 3  9 2 5  8 4 7
8 9 5  4 7 1  3 2 6

4 5 2  8 9 6  7 1 3
6 3 1  7 5 4  2 9 8
9 7 8  2 1 3  5 6 4
Answer: 139
3 1 7  5 6 2  4 8 9
2 8 6  3 4 9  1 7 5
5 9 4  1 8 7  6 3 2

7 4 2  6 3 8  9 5 1
1 6 3  9 2 5  8 4 7
8 5 9  4 7 1  3 2 6

4 2 5  8 9 6  7 1 3
6 3 1  7 5 4  2 9 8
9 7 8  2 1 3  5 6 4
Answer: 140
3 7 1  5 6 2  4 8 9
8 6 2  3 4 9  1 7 5
5 9 4  1 8 7  6 3 2

2 4 7  6 3 8  9 5 1
6 1 3  9 2 5  8 4 7
9 5 8  4 7 1  3 2 6

4 2 5  8 9 6  7 1 3
1 3 6  7 5 4  2 9 8
7 8 9  2 1 3  5 6 4
Answer: 141
3 7 1  5 6 2  4 8 9
2 6 8  3 4 9  1 7 5
5 9 4  1 8 7  6 3 2

7 4 2  6 3 8  9 5 1
6 1 3  9 2 5  8 4 7
8 5 9  4 7 1  3 2 6

4 2 5  8 9 6  7 1 3
1 3 6  7 5 4  2 9 8
9 8 7  2 1 3  5 6 4
Answer: 142
3 7 1  5 6 2  4 8 9
2 6 8  3 4 9  1 7 5
5 4 9  1 8 7  6 3 2

7 2 4  6 3 8  9 5 1
6 1 3  9 2 5  8 4 7
8 9 5  4 7 1  3 2 6

4 5 2  8 9 6  7 1 3
1 3 6  7 5 4  2 9 8
9 8 7  2 1 3  5 6 4
Answer: 143
3 7 1  5 6 2  4 8 9
8 6 2  3 4 9  1 7 5
5 9 4  1 8 7  6 3 2

4 2 7  6 3 8  9 5 1
6 1 3  9 2 5  8 4 7
9 5 8  4 7 1  3 2 6

2 4 5  8 9 6  7 1 3
1 3 6  7 5 4  2 9 8
7 8 9  2 1 3  5 6 4
Answer: 144
3 1 7  5 6 2  4 8 9
8 2 6  3 4 9  1 7 5
5 9 4  1 8 7  6 3 2

4 7 2  6 3 8  9 5 1
1 6 3  9 2 5  8 4 7
9 5 8  4 7 1  3 2 6

2 4 5  8 9 6  7 1 3
6 3 1  7 5 4  2 9 8
7 8 9  2 1 3  5 6 4
Answer: 145
3 1 7  5 6 2  4 8 9
2 8 6  3 4 9  1 7 5
4 9 5  1 8 7  6 3 2

7 2 4  6 3 8  9 5 1
6 3 1  9 2 5  8 4 7
9 5 8  4 7 1  3 2 6

5 4 2  8 9 6  7 1 3
1 6 3  7 5 4  2 9 8
8 7 9  2 1 3  5 6 4
Answer: 146
3 1 7  5 6 2  4 8 9
2 8 6  3 4 9  1 7 5
9 4 5  1 8 7  6 3 2

7 2 4  6 3 8  9 5 1
6 3 1  9 2 5  8 4 7
5 9 8  4 7 1  3 2 6

4 5 2  8 9 6  7 1 3
1 6 3  7 5 4  2 9 8
8 7 9  2 1 3  5 6 4
Answer: 147
3 1 7  5 6 2  4 8 9
8 2 6  3 4 9  1 7 5
4 5 9  1 8 7  6 3 2

2 7 4  6 3 8  9 5 1
6 3 1  9 2 5  8 4 7
9 8 5  4 7 1  3 2 6

5 4 2  8 9 6  7 1 3
1 6 3  7 5 4  2 9 8
7 9 8  2 1 3  5 6 4
Answer: 148
3 7 1  5 6 2  4 8 9
8 6 2  3 4 9  1 7 5
4 5 9  1 8 7  6 3 2

2 4 7  6 3 8  9 5 1
1 3 6  9 2 5  8 4 7
9 8 5  4 7 1  3 2 6

5 2 4  8 9 6  7 1 3
6 1 3  7 5 4  2 9 8
7 9 8  2 1 3  5 6 4
Answer: 149
3 1 7  5 6 2  4 8 9
2 8 6  3 4 9  1 7 5
4 5 9  1 8 7  6 3 2

7 2 4  6 3 8  9 5 1
6 3 1  9 2 5  8 4 7
8 9 5  4 7 1  3 2 6

5 4 2  8 9 6  7 1 3
1 6 3  7 5 4  2 9 8
9 7 8  2 1 3  5 6 4
Answer: 150
3 7 1  5 6 2  4 8 9
2 6 8  3 4 9  1 7 5
4 5 9  1 8 7  6 3 2

7 2 4  6 3 8  9 5 1
1 3 6  9 2 5  8 4 7
9 8 5  4 7 1  3 2 6

5 4 2  8 9 6  7 1 3
6 1 3  7 5 4  2 9 8
8 9 7  2 1 3  5 6 4
Answer: 151
3 1 7  5 6 2  4 8 9
8 2 6  3 4 9  1 7 5
5 4 9  1 8 7  6 3 2

2 7 4  6 3 8  9 5 1
6 3 1  9 2 5  8 4 7
9 8 5  4 7 1  3 2 6

4 5 2  8 9 6  7 1 3
1 6 3  7 5 4  2 9 8
7 9 8  2 1 3  5 6 4
Answer: 152
3 1 7  5 6 2  4 8 9
2 8 6  3 4 9  1 7 5
5 4 9  1 8 7  6 3 2

7 2 4  6 3 8  9 5 1
6 3 1  9 2 5  8 4 7
8 9 5  4 7 1  3 2 6

4 5 2  8 9 6  7 1 3
1 6 3  7 5 4  2 9 8
9 7 8  2 1 3  5 6 4
Answer: 153
3 7 1  5 6 2  4 8 9
8 6 2  3 4 9  1 7 5
5 4 9  1 8 7  6 3 2

4 2 7  6 3 8  9 5 1
1 3 6  9 2 5  8 4 7
9 8 5  4 7 1  3 2 6

2 5 4  8 9 6  7 1 3
6 1 3  7 5 4  2 9 8
7 9 8  2 1 3  5 6 4
Answer: 154
3 7 1  5 6 2  4 8 9
2 6 8  3 4 9  1 7 5
5 4 9  1 8 7  6 3 2

7 2 4  6 3 8  9 5 1
1 3 6  9 2 5  8 4 7
9 8 5  4 7 1  3 2 6

4 5 2  8 9 6  7 1 3
6 1 3  7 5 4  2 9 8
8 9 7  2 1 3  5 6 4
Answer: 155
3 7 1  5 6 2  4 8 9
8 6 2  3 4 9  1 7 5
9 5 4  1 8 7  6 3 2

2 4 7  6 3 8  9 5 1
1 3 6  9 2 5  8 4 7
5 9 8  4 7 1  3 2 6

4 2 5  8 9 6  7 1 3
6 1 3  7 5 4  2 9 8
7 8 9  2 1 3  5 6 4
Answer: 156
3 7 1  5 6 2  4 8 9
8 6 2  3 4 9  1 7 5
9 5 4  1 8 7  6 3 2

4 2 7  6 3 8  9 5 1
1 3 6  9 2 5  8 4 7
5 9 8  4 7 1  3 2 6

2 4 5  8 9 6  7 1 3
6 1 3  7 5 4  2 9 8
7 8 9  2 1 3  5 6 4
Answer: 157
3 7 1  5 6 2  4 8 9
2 6 8  3 4 9  1 7 5
9 5 4  1 8 7  6 3 2

4 2 7  6 3 8  9 5 1
1 3 6  9 2 5  8 4 7
8 9 5  4 7 1  3 2 6

5 4 2  8 9 6  7 1 3
6 1 3  7 5 4  2 9 8
7 8 9  2 1 3  5 6 4
Answer: 158
3 7 1  5 6 2  4 8 9
8 6 2  3 4 9  1 7 5
4 5 9  1 8 7  6 3 2

7 2 4  6 3 8  9 5 1
1 3 6  9 2 5  8 4 7
5 9 8  4 7 1  3 2 6

2 4 5  8 9 6  7 1 3
6 1 3  7 5 4  2 9 8
9 8 7  2 1 3  5 6 4
Answer: 159
3 7 1  5 6 2  4 8 9
2 6 8  3 4 9  1 7 5
4 5 9  1 8 7  6 3 2

7 2 4  6 3 8  9 5 1
1 3 6  9 2 5  8 4 7
8 9 5  4 7 1  3 2 6

5 4 2  8 9 6  7 1 3
6 1 3  7 5 4  2 9 8
9 8 7  2 1 3  5 6 4
Answer: 160
3 7 1  5 6 2  4 8 9
8 6 2  3 4 9  1 7 5
5 9 4  1 8 7  6 3 2

2 4 7  6 3 8  9 5 1
1 3 6  9 2 5  8 4 7
9 5 8  4 7 1  3 2 6

4 2 5  8 9 6  7 1 3
6 1 3  7 5 4  2 9 8
7 8 9  2 1 3  5 6 4
Answer: 161
3 7 1  5 6 2  4 8 9
8 6 2  3 4 9  1 7 5
5 9 4  1 8 7  6 3 2

4 2 7  6 3 8  9 5 1
1 3 6  9 2 5  8 4 7
9 5 8  4 7 1  3 2 6

2 4 5  8 9 6  7 1 3
6 1 3  7 5 4  2 9 8
7 8 9  2 1 3  5 6 4
Answer: 162
3 7 1  5 6 2  4 8 9
2 6 8  3 4 9  1 7 5
5 4 9  1 8 7  6 3 2

7 2 4  6 3 8  9 5 1
1 3 6  9 2 5  8 4 7
8 9 5  4 7 1  3 2 6

4 5 2  8 9 6  7 1 3
6 1 3  7 5 4  2 9 8
9 8 7  2 1 3  5 6 4
Answer: 163
3 7 1  5 6 2  4 8 9
8 6 2  3 4 9  1 7 5
4 9 5  1 8 7  6 3 2

2 4 7  6 3 8  9 5 1
1 3 6  9 2 5  8 4 7
9 5 8  4 7 1  3 2 6

5 2 4  8 9 6  7 1 3
6 1 3  7 5 4  2 9 8
7 8 9  2 1 3  5 6 4
Answer: 164
3 7 1  5 6 2  4 8 9
8 6 2  3 4 9  1 7 5
9 4 5  1 8 7  6 3 2

4 2 7  6 3 8  9 5 1
1 3 6  9 2 5  8 4 7
5 9 8  4 7 1  3 2 6

2 5 4  8 9 6  7 1 3
6 1 3  7 5 4  2 9 8
7 8 9  2 1 3  5 6 4
Answer: 165
3 1 7  5 6 2  4 8 9
8 2 6  3 4 9  1 7 5
4 9 5  1 8 7  6 3 2

2 7 4  6 3 8  9 5 1
6 3 1  9 2 5  8 4 7
9 5 8  4 7 1  3 2 6

5 4 2  8 9 6  7 1 3
1 6 3  7 5 4  2 9 8
7 8 9  2 1 3  5 6 4
Answer: 166
3 1 7  5 6 2  4 8 9
8 2 6  3 4 9  1 7 5
9 4 5  1 8 7  6 3 2

2 7 4  6 3 8  9 5 1
6 3 1  9 2 5  8 4 7
5 9 8  4 7 1  3 2 6

4 5 2  8 9 6  7 1 3
1 6 3  7 5 4  2 9 8
7 8 9  2 1 3  5 6 4
Answer: 167
3 1 7  5 6 2  4 8 9
2 8 6  3 4 9  1 7 5
4 9 5  1 8 7  6 3 2

7 2 4  6 3 8  9 5 1
6 3 1  9 2 5  8 4 7
8 5 9  4 7 1  3 2 6

5 4 2  8 9 6  7 1 3
1 6 3  7 5 4  2 9 8
9 7 8  2 1 3  5 6 4
Answer: 168
3 1 7  5 6 2  4 8 9
8 2 6  3 4 9  1 7 5
9 4 5  1 8 7  6 3 2

2 7 4  6 3 8  9 5 1
6 3 1  9 2 5  8 4 7
5 8 9  4 7 1  3 2 6

4 5 2  8 9 6  7 1 3
1 6 3  7 5 4  2 9 8
7 9 8  2 1 3  5 6 4
Answer: 169
3 7 1  5 6 2  4 8 9
8 6 2  3 4 9  1 7 5
9 4 5  1 8 7  6 3 2

4 2 7  6 3 8  9 5 1
1 3 6  9 2 5  8 4 7
5 8 9  4 7 1  3 2 6

2 5 4  8 9 6  7 1 3
6 1 3  7 5 4  2 9 8
7 9 8  2 1 3  5 6 4
Answer: 170
3 7 1  5 6 2  4 8 9
2 6 8  3 4 9  1 7 5
9 4 5  1 8 7  6 3 2

7 2 4  6 3 8  9 5 1
1 3 6  9 2 5  8 4 7
5 8 9  4 7 1  3 2 6

4 5 2  8 9 6  7 1 3
6 1 3  7 5 4  2 9 8
8 9 7  2 1 3  5 6 4
Answer: 171
3 7 1  5 6 2  4 8 9
2 6 8  3 4 9  1 7 5
4 9 5  1 8 7  6 3 2

7 2 4  6 3 8  9 5 1
1 3 6  9 2 5  8 4 7
8 5 9  4 7 1  3 2 6

5 4 2  8 9 6  7 1 3
6 1 3  7 5 4  2 9 8
9 8 7  2 1 3  5 6 4
Answer: 172
3 7 1  5 6 2  4 8 9
8 6 2  3 4 9  1 7 5
9 5 4  1 8 7  6 3 2

4 2 7  6 3 8  9 5 1
1 3 6  9 2 5  8 4 7
5 8 9  4 7 1  3 2 6

2 4 5  8 9 6  7 1 3
6 1 3  7 5 4  2 9 8
7 9 8  2 1 3  5 6 4
Answer: 173
3 7 1  5 6 2  4 8 9
8 6 2  3 4 9  1 7 5
9 5 4  1 8 7  6 3 2

2 4 7  6 3 8  9 5 1
1 3 6  9 2 5  8 4 7
5 8 9  4 7 1  3 2 6

4 2 5  8 9 6  7 1 3
6 1 3  7 5 4  2 9 8
7 9 8  2 1 3  5 6 4
Answer: 174
3 1 7  5 6 2  4 8 9
8 2 6  3 4 9  1 7 5
9 5 4  1 8 7  6 3 2

4 7 2  6 3 8  9 5 1
6 3 1  9 2 5  8 4 7
5 8 9  4 7 1  3 2 6

2 4 5  8 9 6  7 1 3
1 6 3  7 5 4  2 9 8
7 9 8  2 1 3  5 6 4
Answer: 175
3 1 7  5 6 2  4 8 9
2 8 6  3 4 9  1 7 5
5 9 4  1 8 7  6 3 2

7 4 2  6 3 8  9 5 1
6 3 1  9 2 5  8 4 7
8 5 9  4 7 1  3 2 6

4 2 5  8 9 6  7 1 3
1 6 3  7 5 4  2 9 8
9 7 8  2 1 3  5 6 4
Answer: 176
3 1 7  5 6 2  4 8 9
8 2 6  3 4 9  1 7 5
9 5 4  1 8 7  6 3 2

4 7 2  6 3 8  9 5 1
6 3 1  9 2 5  8 4 7
5 9 8  4 7 1  3 2 6

2 4 5  8 9 6  7 1 3
1 6 3  7 5 4  2 9 8
7 8 9  2 1 3  5 6 4
Answer: 177
3 1 7  5 6 2  4 8 9
8 2 6  3 4 9  1 7 5
5 9 4  1 8 7  6 3 2

4 7 2  6 3 8  9 5 1
6 3 1  9 2 5  8 4 7
9 5 8  4 7 1  3 2 6

2 4 5  8 9 6  7 1 3
1 6 3  7 5 4  2 9 8
7 8 9  2 1 3  5 6 4
Answer: 178
3 1 7  5 6 2  4 8 9
2 8 6  3 4 9  1 7 5
9 5 4  1 8 7  6 3 2

7 4 2  6 3 8  9 5 1
6 3 1  9 2 5  8 4 7
5 9 8  4 7 1  3 2 6

4 2 5  8 9 6  7 1 3
1 6 3  7 5 4  2 9 8
8 7 9  2 1 3  5 6 4
Answer: 179
3 1 7  5 6 2  4 8 9
2 8 6  3 4 9  1 7 5
5 9 4  1 8 7  6 3 2

7 4 2  6 3 8  9 5 1
6 3 1  9 2 5  8 4 7
9 5 8  4 7 1  3 2 6

4 2 5  8 9 6  7 1 3
1 6 3  7 5 4  2 9 8
8 7 9  2 1 3  5 6 4
Answer: 180
3 1 7  5 6 2  4 8 9
8 2 6  3 4 9  1 7 5
9 4 5  1 8 7  6 3 2

4 7 2  6 3 8  9 5 1
6 3 1  9 2 5  8 4 7
5 9 8  4 7 1  3 2 6

2 5 4  8 9 6  7 1 3
1 6 3  7 5 4  2 9 8
7 8 9  2 1 3  5 6 4
Answer: 181
3 1 7  5 6 2  4 8 9
2 8 6  3 4 9  1 7 5
4 9 5  1 8 7  6 3 2

7 4 2  6 3 8  9 5 1
6 3 1  9 2 5  8 4 7
9 5 8  4 7 1  3 2 6

5 2 4  8 9 6  7 1 3
1 6 3  7 5 4  2 9 8
8 7 9  2 1 3  5 6 4
Answer: 182
3 1 7  5 6 2  4 8 9
2 8 6  3 4 9  1 7 5
9 4 5  1 8 7  6 3 2

4 7 2  6 3 8  9 5 1
6 3 1  9 2 5  8 4 7
8 5 9  4 7 1  3 2 6

5 2 4  8 9 6  7 1 3
1 6 3  7 5 4  2 9 8
7 9 8  2 1 3  5 6 4
Answer: 183
3 1 7  5 6 2  4 8 9
8 2 6  3 4 9  1 7 5
9 4 5  1 8 7  6 3 2

4 7 2  6 3 8  9 5 1
6 3 1  9 2 5  8 4 7
5 8 9  4 7 1  3 2 6

2 5 4  8 9 6  7 1 3
1 6 3  7 5 4  2 9 8
7 9 8  2 1 3  5 6 4
Answer: 184
3 1 7  5 6 2  4 8 9
2 8 6  3 4 9  1 7 5
4 9 5  1 8 7  6 3 2

7 4 2  6 3 8  9 5 1
6 3 1  9 2 5  8 4 7
8 5 9  4 7 1  3 2 6

5 2 4  8 9 6  7 1 3
1 6 3  7 5 4  2 9 8
9 7 8  2 1 3  5 6 4
Answer: 185
3 1 7  5 6 2  4 8 9
8 2 6  3 4 9  1 7 5
4 9 5  1 8 7  6 3 2

7 4 2  6 3 8  9 5 1
6 3 1  9 2 5  8 4 7
5 8 9  4 7 1  3 2 6

2 5 4  8 9 6  7 1 3
1 6 3  7 5 4  2 9 8
9 7 8  2 1 3  5 6 4
Answer: 186
3 1 7  5 6 2  4 8 9
2 8 6  3 4 9  1 7 5
4 5 9  1 8 7  6 3 2

7 4 2  6 3 8  9 5 1
6 3 1  9 2 5  8 4 7
8 9 5  4 7 1  3 2 6

5 2 4  8 9 6  7 1 3
1 6 3  7 5 4  2 9 8
9 7 8  2 1 3  5 6 4
Answer: 187
3 1 7  5 6 2  4 8 9
8 2 6  3 4 9  1 7 5
5 4 9  1 8 7  6 3 2

4 7 2  6 3 8  9 5 1
6 3 1  9 2 5  8 4 7
9 8 5  4 7 1  3 2 6

2 5 4  8 9 6  7 1 3
1 6 3  7 5 4  2 9 8
7 9 8  2 1 3  5 6 4
Answer: 188
3 7 1  5 6 2  4 8 9
2 6 8  3 4 9  1 7 5
4 5 9  1 8 7  6 3 2

7 4 2  6 3 8  9 5 1
1 3 6  9 2 5  8 4 7
8 9 5  4 7 1  3 2 6

5 2 4  8 9 6  7 1 3
6 1 3  7 5 4  2 9 8
9 8 7  2 1 3  5 6 4
Answer: 189
3 7 1  5 6 2  4 8 9
2 6 8  3 4 9  1 7 5
4 5 9  1 8 7  6 3 2

7 4 2  6 3 8  9 5 1
1 3 6  9 2 5  8 4 7
9 8 5  4 7 1  3 2 6

5 2 4  8 9 6  7 1 3
6 1 3  7 5 4  2 9 8
8 9 7  2 1 3  5 6 4
Answer: 190
3 7 1  5 6 2  4 8 9
2 6 8  3 4 9  1 7 5
4 9 5  1 8 7  6 3 2

7 4 2  6 3 8  9 5 1
1 3 6  9 2 5  8 4 7
8 5 9  4 7 1  3 2 6

5 2 4  8 9 6  7 1 3
6 1 3  7 5 4  2 9 8
9 8 7  2 1 3  5 6 4
Answer: 191
3 7 1  5 6 2  4 8 9
2 6 8  3 4 9  1 7 5
9 5 4  1 8 7  6 3 2

7 4 2  6 3 8  9 5 1
1 3 6  9 2 5  8 4 7
5 8 9  4 7 1  3 2 6

4 2 5  8 9 6  7 1 3
6 1 3  7 5 4  2 9 8
8 9 7  2 1 3  5 6 4
Answer: 192
3 7 1  5 6 2  4 8 9
2 6 8  3 4 9  1 7 5
5 9 4  1 8 7  6 3 2

7 4 2  6 3 8  9 5 1
1 3 6  9 2 5  8 4 7
8 5 9  4 7 1  3 2 6

4 2 5  8 9 6  7 1 3
6 1 3  7 5 4  2 9 8
9 8 7  2 1 3  5 6 4
Answer: 193
1 7 3  5 6 2  4 8 9
8 6 2  3 4 9  1 7 5
9 5 4  1 8 7  6 3 2

4 2 7  6 3 8  9 5 1
3 1 6  9 2 5  8 4 7
5 9 8  4 7 1  3 2 6

2 4 5  8 9 6  7 1 3
6 3 1  7 5 4  2 9 8
7 8 9  2 1 3  5 6 4
Answer: 194
1 7 3  5 6 2  4 8 9
8 6 2  3 4 9  1 7 5
9 5 4  1 8 7  6 3 2

4 2 7  6 3 8  9 5 1
3 1 6  9 2 5  8 4 7
5 8 9  4 7 1  3 2 6

2 4 5  8 9 6  7 1 3
6 3 1  7 5 4  2 9 8
7 9 8  2 1 3  5 6 4
Answer: 195
1 7 3  5 6 2  4 8 9
8 6 2  3 4 9  1 7 5
4 5 9  1 8 7  6 3 2

7 2 4  6 3 8  9 5 1
3 1 6  9 2 5  8 4 7
5 9 8  4 7 1  3 2 6

2 4 5  8 9 6  7 1 3
6 3 1  7 5 4  2 9 8
9 8 7  2 1 3  5 6 4
Answer: 196
1 7 3  5 6 2  4 8 9
8 6 2  3 4 9  1 7 5
9 4 5  1 8 7  6 3 2

4 2 7  6 3 8  9 5 1
3 1 6  9 2 5  8 4 7
5 9 8  4 7 1  3 2 6

2 5 4  8 9 6  7 1 3
6 3 1  7 5 4  2 9 8
7 8 9  2 1 3  5 6 4
Answer: 197
1 7 3  5 6 2  4 8 9
8 6 2  3 4 9  1 7 5
5 4 9  1 8 7  6 3 2

4 2 7  6 3 8  9 5 1
3 1 6  9 2 5  8 4 7
9 8 5  4 7 1  3 2 6

2 5 4  8 9 6  7 1 3
6 3 1  7 5 4  2 9 8
7 9 8  2 1 3  5 6 4
Answer: 198
1 7 3  5 6 2  4 8 9
8 6 2  3 4 9  1 7 5
9 4 5  1 8 7  6 3 2

4 2 7  6 3 8  9 5 1
3 1 6  9 2 5  8 4 7
5 8 9  4 7 1  3 2 6

2 5 4  8 9 6  7 1 3
6 3 1  7 5 4  2 9 8
7 9 8  2 1 3  5 6 4
Answer: 199
1 7 3  5 6 2  4 8 9
8 6 2  3 4 9  1 7 5
5 9 4  1 8 7  6 3 2

4 2 7  6 3 8  9 5 1
3 1 6  9 2 5  8 4 7
9 5 8  4 7 1  3 2 6

2 4 5  8 9 6  7 1 3
6 3 1  7 5 4  2 9 8
7 8 9  2 1 3  5 6 4
Answer: 200
1 3 7  5 6 2  4 8 9
8 2 6  3 4 9  1 7 5
9 4 5  1 8 7  6 3 2

4 7 2  6 3 8  9 5 1
3 6 1  9 2 5  8 4 7
5 9 8  4 7 1  3 2 6

2 5 4  8 9 6  7 1 3
6 1 3  7 5 4  2 9 8
7 8 9  2 1 3  5 6 4
Answer: 201
1 3 7  5 6 2  4 8 9
8 2 6  3 4 9  1 7 5
9 5 4  1 8 7  6 3 2

4 7 2  6 3 8  9 5 1
3 6 1  9 2 5  8 4 7
5 9 8  4 7 1  3 2 6

2 4 5  8 9 6  7 1 3
6 1 3  7 5 4  2 9 8
7 8 9  2 1 3  5 6 4
Answer: 202
1 3 7  5 6 2  4 8 9
8 2 6  3 4 9  1 7 5
5 9 4  1 8 7  6 3 2

4 7 2  6 3 8  9 5 1
3 6 1  9 2 5  8 4 7
9 5 8  4 7 1  3 2 6

2 4 5  8 9 6  7 1 3
6 1 3  7 5 4  2 9 8
7 8 9  2 1 3  5 6 4
Answer: 203
1 3 7  5 6 2  4 8 9
2 8 6  3 4 9  1 7 5
9 4 5  1 8 7  6 3 2

4 7 2  6 3 8  9 5 1
3 6 1  9 2 5  8 4 7
8 5 9  4 7 1  3 2 6

5 2 4  8 9 6  7 1 3
6 1 3  7 5 4  2 9 8
7 9 8  2 1 3  5 6 4
Answer: 204
1 3 7  5 6 2  4 8 9
8 2 6  3 4 9  1 7 5
9 4 5  1 8 7  6 3 2

4 7 2  6 3 8  9 5 1
3 6 1  9 2 5  8 4 7
5 8 9  4 7 1  3 2 6

2 5 4  8 9 6  7 1 3
6 1 3  7 5 4  2 9 8
7 9 8  2 1 3  5 6 4
Answer: 205
1 3 7  5 6 2  4 8 9
8 2 6  3 4 9  1 7 5
5 4 9  1 8 7  6 3 2

4 7 2  6 3 8  9 5 1
3 6 1  9 2 5  8 4 7
9 8 5  4 7 1  3 2 6

2 5 4  8 9 6  7 1 3
6 1 3  7 5 4  2 9 8
7 9 8  2 1 3  5 6 4
Answer: 206
1 3 7  5 6 2  4 8 9
8 2 6  3 4 9  1 7 5
9 5 4  1 8 7  6 3 2

4 7 2  6 3 8  9 5 1
3 6 1  9 2 5  8 4 7
5 8 9  4 7 1  3 2 6

2 4 5  8 9 6  7 1 3
6 1 3  7 5 4  2 9 8
7 9 8  2 1 3  5 6 4
Answer: 207
1 3 7  5 6 2  4 8 9
8 2 6  3 4 9  1 7 5
9 4 5  1 8 7  6 3 2

2 7 4  6 3 8  9 5 1
3 6 1  9 2 5  8 4 7
5 8 9  4 7 1  3 2 6

4 5 2  8 9 6  7 1 3
6 1 3  7 5 4  2 9 8
7 9 8  2 1 3  5 6 4
Answer: 208
1 7 3  5 6 2  4 8 9
2 6 8  3 4 9  1 7 5
9 5 4  1 8 7  6 3 2

4 2 7  6 3 8  9 5 1
3 1 6  9 2 5  8 4 7
8 9 5  4 7 1  3 2 6

5 4 2  8 9 6  7 1 3
6 3 1  7 5 4  2 9 8
7 8 9  2 1 3  5 6 4
Answer: 209
1 7 3  5 6 2  4 8 9
2 6 8  3 4 9  1 7 5
9 4 5  1 8 7  6 3 2

7 2 4  6 3 8  9 5 1
3 1 6  9 2 5  8 4 7
5 8 9  4 7 1  3 2 6

4 5 2  8 9 6  7 1 3
6 3 1  7 5 4  2 9 8
8 9 7  2 1 3  5 6 4
Answer: 210
1 7 3  5 6 2  4 8 9
2 6 8  3 4 9  1 7 5
4 9 5  1 8 7  6 3 2

7 2 4  6 3 8  9 5 1
3 1 6  9 2 5  8 4 7
8 5 9  4 7 1  3 2 6

5 4 2  8 9 6  7 1 3
6 3 1  7 5 4  2 9 8
9 8 7  2 1 3  5 6 4
Answer: 211
1 3 7  5 6 2  4 8 9
2 8 6  3 4 9  1 7 5
4 9 5  1 8 7  6 3 2

7 2 4  6 3 8  9 5 1
3 6 1  9 2 5  8 4 7
8 5 9  4 7 1  3 2 6

5 4 2  8 9 6  7 1 3
6 1 3  7 5 4  2 9 8
9 7 8  2 1 3  5 6 4
Answer: 212
1 3 7  5 6 2  4 8 9
8 2 6  3 4 9  1 7 5
4 9 5  1 8 7  6 3 2

2 7 4  6 3 8  9 5 1
3 6 1  9 2 5  8 4 7
9 5 8  4 7 1  3 2 6

5 4 2  8 9 6  7 1 3
6 1 3  7 5 4  2 9 8
7 8 9  2 1 3  5 6 4
Answer: 213
1 3 7  5 6 2  4 8 9
2 8 6  3 4 9  1 7 5
4 9 5  1 8 7  6 3 2

7 2 4  6 3 8  9 5 1
3 6 1  9 2 5  8 4 7
9 5 8  4 7 1  3 2 6

5 4 2  8 9 6  7 1 3
6 1 3  7 5 4  2 9 8
8 7 9  2 1 3  5 6 4
Answer: 214
1 3 7  5 6 2  4 8 9
8 2 6  3 4 9  1 7 5
9 4 5  1 8 7  6 3 2

2 7 4  6 3 8  9 5 1
3 6 1  9 2 5  8 4 7
5 9 8  4 7 1  3 2 6

4 5 2  8 9 6  7 1 3
6 1 3  7 5 4  2 9 8
7 8 9  2 1 3  5 6 4
Answer: 215
1 3 7  5 6 2  4 8 9
2 8 6  3 4 9  1 7 5
9 4 5  1 8 7  6 3 2

7 2 4  6 3 8  9 5 1
3 6 1  9 2 5  8 4 7
5 9 8  4 7 1  3 2 6

4 5 2  8 9 6  7 1 3
6 1 3  7 5 4  2 9 8
8 7 9  2 1 3  5 6 4
Answer: 216
1 7 3  5 6 2  4 8 9
2 6 8  3 4 9  1 7 5
5 4 9  1 8 7  6 3 2

7 2 4  6 3 8  9 5 1
3 1 6  9 2 5  8 4 7
9 8 5  4 7 1  3 2 6

4 5 2  8 9 6  7 1 3
6 3 1  7 5 4  2 9 8
8 9 7  2 1 3  5 6 4
Answer: 217
1 7 3  5 6 2  4 8 9
2 6 8  3 4 9  1 7 5
5 4 9  1 8 7  6 3 2

7 2 4  6 3 8  9 5 1
3 1 6  9 2 5  8 4 7
8 9 5  4 7 1  3 2 6

4 5 2  8 9 6  7 1 3
6 3 1  7 5 4  2 9 8
9 8 7  2 1 3  5 6 4
Answer: 218
1 7 3  5 6 2  4 8 9
2 6 8  3 4 9  1 7 5
4 5 9  1 8 7  6 3 2

7 2 4  6 3 8  9 5 1
3 1 6  9 2 5  8 4 7
9 8 5  4 7 1  3 2 6

5 4 2  8 9 6  7 1 3
6 3 1  7 5 4  2 9 8
8 9 7  2 1 3  5 6 4
Answer: 219
1 7 3  5 6 2  4 8 9
2 6 8  3 4 9  1 7 5
4 5 9  1 8 7  6 3 2

7 2 4  6 3 8  9 5 1
3 1 6  9 2 5  8 4 7
8 9 5  4 7 1  3 2 6

5 4 2  8 9 6  7 1 3
6 3 1  7 5 4  2 9 8
9 8 7  2 1 3  5 6 4
Answer: 220
1 3 7  5 6 2  4 8 9
8 2 6  3 4 9  1 7 5
5 4 9  1 8 7  6 3 2

2 7 4  6 3 8  9 5 1
3 6 1  9 2 5  8 4 7
9 8 5  4 7 1  3 2 6

4 5 2  8 9 6  7 1 3
6 1 3  7 5 4  2 9 8
7 9 8  2 1 3  5 6 4
Answer: 221
1 3 7  5 6 2  4 8 9
8 2 6  3 4 9  1 7 5
4 5 9  1 8 7  6 3 2

2 7 4  6 3 8  9 5 1
3 6 1  9 2 5  8 4 7
9 8 5  4 7 1  3 2 6

5 4 2  8 9 6  7 1 3
6 1 3  7 5 4  2 9 8
7 9 8  2 1 3  5 6 4
Answer: 222
1 3 7  5 6 2  4 8 9
2 8 6  3 4 9  1 7 5
5 4 9  1 8 7  6 3 2

7 2 4  6 3 8  9 5 1
3 6 1  9 2 5  8 4 7
8 9 5  4 7 1  3 2 6

4 5 2  8 9 6  7 1 3
6 1 3  7 5 4  2 9 8
9 7 8  2 1 3  5 6 4
Answer: 223
1 3 7  5 6 2  4 8 9
2 8 6  3 4 9  1 7 5
4 5 9  1 8 7  6 3 2

7 2 4  6 3 8  9 5 1
3 6 1  9 2 5  8 4 7
8 9 5  4 7 1  3 2 6

5 4 2  8 9 6  7 1 3
6 1 3  7 5 4  2 9 8
9 7 8  2 1 3  5 6 4
Answer: 224
1 7 3  5 6 2  4 8 9
8 6 2  3 4 9  1 7 5
9 5 4  1 8 7  6 3 2

2 4 7  6 3 8  9 5 1
3 1 6  9 2 5  8 4 7
5 8 9  4 7 1  3 2 6

4 2 5  8 9 6  7 1 3
6 3 1  7 5 4  2 9 8
7 9 8  2 1 3  5 6 4
Answer: 225
1 7 3  5 6 2  4 8 9
2 6 8  3 4 9  1 7 5
9 5 4  1 8 7  6 3 2

7 4 2  6 3 8  9 5 1
3 1 6  9 2 5  8 4 7
5 8 9  4 7 1  3 2 6

4 2 5  8 9 6  7 1 3
6 3 1  7 5 4  2 9 8
8 9 7  2 1 3  5 6 4
Answer: 226
1 7 3  5 6 2  4 8 9
2 6 8  3 4 9  1 7 5
5 9 4  1 8 7  6 3 2

7 4 2  6 3 8  9 5 1
3 1 6  9 2 5  8 4 7
8 5 9  4 7 1  3 2 6

4 2 5  8 9 6  7 1 3
6 3 1  7 5 4  2 9 8
9 8 7  2 1 3  5 6 4
Answer: 227
1 3 7  5 6 2  4 8 9
2 8 6  3 4 9  1 7 5
5 9 4  1 8 7  6 3 2

7 4 2  6 3 8  9 5 1
3 6 1  9 2 5  8 4 7
8 5 9  4 7 1  3 2 6

4 2 5  8 9 6  7 1 3
6 1 3  7 5 4  2 9 8
9 7 8  2 1 3  5 6 4
Answer: 228
1 7 3  5 6 2  4 8 9
8 6 2  3 4 9  1 7 5
5 9 4  1 8 7  6 3 2

2 4 7  6 3 8  9 5 1
3 1 6  9 2 5  8 4 7
9 5 8  4 7 1  3 2 6

4 2 5  8 9 6  7 1 3
6 3 1  7 5 4  2 9 8
7 8 9  2 1 3  5 6 4
Answer: 229
1 7 3  5 6 2  4 8 9
8 6 2  3 4 9  1 7 5
9 5 4  1 8 7  6 3 2

2 4 7  6 3 8  9 5 1
3 1 6  9 2 5  8 4 7
5 9 8  4 7 1  3 2 6

4 2 5  8 9 6  7 1 3
6 3 1  7 5 4  2 9 8
7 8 9  2 1 3  5 6 4
Answer: 230
1 3 7  5 6 2  4 8 9
2 8 6  3 4 9  1 7 5
5 9 4  1 8 7  6 3 2

7 4 2  6 3 8  9 5 1
3 6 1  9 2 5  8 4 7
9 5 8  4 7 1  3 2 6

4 2 5  8 9 6  7 1 3
6 1 3  7 5 4  2 9 8
8 7 9  2 1 3  5 6 4
Answer: 231
1 3 7  5 6 2  4 8 9
2 8 6  3 4 9  1 7 5
9 5 4  1 8 7  6 3 2

7 4 2  6 3 8  9 5 1
3 6 1  9 2 5  8 4 7
5 9 8  4 7 1  3 2 6

4 2 5  8 9 6  7 1 3
6 1 3  7 5 4  2 9 8
8 7 9  2 1 3  5 6 4
Answer: 232
1 7 3  5 6 2  4 8 9
8 6 2  3 4 9  1 7 5
4 5 9  1 8 7  6 3 2

2 4 7  6 3 8  9 5 1
3 1 6  9 2 5  8 4 7
9 8 5  4 7 1  3 2 6

5 2 4  8 9 6  7 1 3
6 3 1  7 5 4  2 9 8
7 9 8  2 1 3  5 6 4
Answer: 233
1 3 7  5 6 2  4 8 9
2 8 6  3 4 9  1 7 5
4 5 9  1 8 7  6 3 2

7 4 2  6 3 8  9 5 1
3 6 1  9 2 5  8 4 7
8 9 5  4 7 1  3 2 6

5 2 4  8 9 6  7 1 3
6 1 3  7 5 4  2 9 8
9 7 8  2 1 3  5 6 4
Answer: 234
1 7 3  5 6 2  4 8 9
2 6 8  3 4 9  1 7 5
4 5 9  1 8 7  6 3 2

7 4 2  6 3 8  9 5 1
3 1 6  9 2 5  8 4 7
8 9 5  4 7 1  3 2 6

5 2 4  8 9 6  7 1 3
6 3 1  7 5 4  2 9 8
9 8 7  2 1 3  5 6 4
Answer: 235
1 7 3  5 6 2  4 8 9
2 6 8  3 4 9  1 7 5
4 5 9  1 8 7  6 3 2

7 4 2  6 3 8  9 5 1
3 1 6  9 2 5  8 4 7
9 8 5  4 7 1  3 2 6

5 2 4  8 9 6  7 1 3
6 3 1  7 5 4  2 9 8
8 9 7  2 1 3  5 6 4
Answer: 236
1 3 7  5 6 2  4 8 9
8 2 6  3 4 9  1 7 5
4 9 5  1 8 7  6 3 2

7 4 2  6 3 8  9 5 1
3 6 1  9 2 5  8 4 7
5 8 9  4 7 1  3 2 6

2 5 4  8 9 6  7 1 3
6 1 3  7 5 4  2 9 8
9 7 8  2 1 3  5 6 4
Answer: 237
1 3 7  5 6 2  4 8 9
2 8 6  3 4 9  1 7 5
4 9 5  1 8 7  6 3 2

7 4 2  6 3 8  9 5 1
3 6 1  9 2 5  8 4 7
8 5 9  4 7 1  3 2 6

5 2 4  8 9 6  7 1 3
6 1 3  7 5 4  2 9 8
9 7 8  2 1 3  5 6 4
Answer: 238
1 7 3  5 6 2  4 8 9
2 6 8  3 4 9  1 7 5
4 9 5  1 8 7  6 3 2

7 4 2  6 3 8  9 5 1
3 1 6  9 2 5  8 4 7
8 5 9  4 7 1  3 2 6

5 2 4  8 9 6  7 1 3
6 3 1  7 5 4  2 9 8
9 8 7  2 1 3  5 6 4
Answer: 239
1 3 7  5 6 2  4 8 9
2 8 6  3 4 9  1 7 5
4 9 5  1 8 7  6 3 2

7 4 2  6 3 8  9 5 1
3 6 1  9 2 5  8 4 7
9 5 8  4 7 1  3 2 6

5 2 4  8 9 6  7 1 3
6 1 3  7 5 4  2 9 8
8 7 9  2 1 3  5 6 4
Answer: 240
1 7 3  5 6 2  4 8 9
8 6 2  3 4 9  1 7 5
4 9 5  1 8 7  6 3 2

2 4 7  6 3 8  9 5 1
3 1 6  9 2 5  8 4 7
9 5 8  4 7 1  3 2 6

5 2 4  8 9 6  7 1 3
6 3 1  7 5 4  2 9 8
7 8 9  2 1 3  5 6 4
Answer: 241
1 3 7  5 6 2  4 8 9
2 8 6  3 4 9  1 7 5
5 4 9  1 8 7  6 3 2

7 2 4  6 3 8  9 5 1
6 1 3  9 2 5  8 4 7
8 9 5  4 7 1  3 2 6

4 5 2  8 9 6  7 1 3
3 6 1  7 5 4  2 9 8
9 7 8  2 1 3  5 6 4
Answer: 242
1 3 7  5 6 2  4 8 9
2 8 6  3 4 9  1 7 5
4 5 9  1 8 7  6 3 2

7 2 4  6 3 8  9 5 1
6 1 3  9 2 5  8 4 7
8 9 5  4 7 1  3 2 6

5 4 2  8 9 6  7 1 3
3 6 1  7 5 4  2 9 8
9 7 8  2 1 3  5 6 4
Answer: 243
1 3 7  5 6 2  4 8 9
2 8 6  3 4 9  1 7 5
4 9 5  1 8 7  6 3 2

7 2 4  6 3 8  9 5 1
6 1 3  9 2 5  8 4 7
8 5 9  4 7 1  3 2 6

5 4 2  8 9 6  7 1 3
3 6 1  7 5 4  2 9 8
9 7 8  2 1 3  5 6 4
Answer: 244
1 3 7  5 6 2  4 8 9
2 8 6  3 4 9  1 7 5
4 9 5  1 8 7  6 3 2

7 2 4  6 3 8  9 5 1
6 1 3  9 2 5  8 4 7
9 5 8  4 7 1  3 2 6

5 4 2  8 9 6  7 1 3
3 6 1  7 5 4  2 9 8
8 7 9  2 1 3  5 6 4
Answer: 245
1 3 7  5 6 2  4 8 9
2 8 6  3 4 9  1 7 5
9 4 5  1 8 7  6 3 2

7 2 4  6 3 8  9 5 1
6 1 3  9 2 5  8 4 7
5 9 8  4 7 1  3 2 6

4 5 2  8 9 6  7 1 3
3 6 1  7 5 4  2 9 8
8 7 9  2 1 3  5 6 4
Answer: 246
1 3 7  5 6 2  4 8 9
2 8 6  3 4 9  1 7 5
9 4 5  1 8 7  6 3 2

4 7 2  6 3 8  9 5 1
6 1 3  9 2 5  8 4 7
8 5 9  4 7 1  3 2 6

5 2 4  8 9 6  7 1 3
3 6 1  7 5 4  2 9 8
7 9 8  2 1 3  5 6 4
Answer: 247
1 3 7  5 6 2  4 8 9
2 8 6  3 4 9  1 7 5
4 9 5  1 8 7  6 3 2

7 4 2  6 3 8  9 5 1
6 1 3  9 2 5  8 4 7
8 5 9  4 7 1  3 2 6

5 2 4  8 9 6  7 1 3
3 6 1  7 5 4  2 9 8
9 7 8  2 1 3  5 6 4
Answer: 248
1 3 7  5 6 2  4 8 9
2 8 6  3 4 9  1 7 5
5 9 4  1 8 7  6 3 2

7 4 2  6 3 8  9 5 1
6 1 3  9 2 5  8 4 7
8 5 9  4 7 1  3 2 6

4 2 5  8 9 6  7 1 3
3 6 1  7 5 4  2 9 8
9 7 8  2 1 3  5 6 4
Answer: 249
1 3 7  5 6 2  4 8 9
2 8 6  3 4 9  1 7 5
4 9 5  1 8 7  6 3 2

7 4 2  6 3 8  9 5 1
6 1 3  9 2 5  8 4 7
9 5 8  4 7 1  3 2 6

5 2 4  8 9 6  7 1 3
3 6 1  7 5 4  2 9 8
8 7 9  2 1 3  5 6 4
Answer: 250
1 3 7  5 6 2  4 8 9
2 8 6  3 4 9  1 7 5
4 5 9  1 8 7  6 3 2

7 4 2  6 3 8  9 5 1
6 1 3  9 2 5  8 4 7
8 9 5  4 7 1  3 2 6

5 2 4  8 9 6  7 1 3
3 6 1  7 5 4  2 9 8
9 7 8  2 1 3  5 6 4
Answer: 251
1 3 7  5 6 2  4 8 9
2 8 6  3 4 9  1 7 5
9 5 4  1 8 7  6 3 2

7 4 2  6 3 8  9 5 1
6 1 3  9 2 5  8 4 7
5 9 8  4 7 1  3 2 6

4 2 5  8 9 6  7 1 3
3 6 1  7 5 4  2 9 8
8 7 9  2 1 3  5 6 4
Answer: 252
1 3 7  5 6 2  4 8 9
2 8 6  3 4 9  1 7 5
5 9 4  1 8 7  6 3 2

7 4 2  6 3 8  9 5 1
6 1 3  9 2 5  8 4 7
9 5 8  4 7 1  3 2 6

4 2 5  8 9 6  7 1 3
3 6 1  7 5 4  2 9 8
8 7 9  2 1 3  5 6 4
Answer: 253
1 7 3  5 6 2  4 8 9
2 6 8  3 4 9  1 7 5
9 4 5  1 8 7  6 3 2

7 2 4  6 3 8  9 5 1
6 3 1  9 2 5  8 4 7
5 8 9  4 7 1  3 2 6

4 5 2  8 9 6  7 1 3
3 1 6  7 5 4  2 9 8
8 9 7  2 1 3  5 6 4
Answer: 254
1 7 3  5 6 2  4 8 9
2 6 8  3 4 9  1 7 5
4 9 5  1 8 7  6 3 2

7 2 4  6 3 8  9 5 1
6 3 1  9 2 5  8 4 7
8 5 9  4 7 1  3 2 6

5 4 2  8 9 6  7 1 3
3 1 6  7 5 4  2 9 8
9 8 7  2 1 3  5 6 4
Answer: 255
1 7 3  5 6 2  4 8 9
2 6 8  3 4 9  1 7 5
5 4 9  1 8 7  6 3 2

7 2 4  6 3 8  9 5 1
6 3 1  9 2 5  8 4 7
9 8 5  4 7 1  3 2 6

4 5 2  8 9 6  7 1 3
3 1 6  7 5 4  2 9 8
8 9 7  2 1 3  5 6 4
Answer: 256
1 7 3  5 6 2  4 8 9
2 6 8  3 4 9  1 7 5
4 5 9  1 8 7  6 3 2

7 2 4  6 3 8  9 5 1
6 3 1  9 2 5  8 4 7
9 8 5  4 7 1  3 2 6

5 4 2  8 9 6  7 1 3
3 1 6  7 5 4  2 9 8
8 9 7  2 1 3  5 6 4
Answer: 257
1 7 3  5 6 2  4 8 9
2 6 8  3 4 9  1 7 5
5 4 9  1 8 7  6 3 2

7 2 4  6 3 8  9 5 1
6 3 1  9 2 5  8 4 7
8 9 5  4 7 1  3 2 6

4 5 2  8 9 6  7 1 3
3 1 6  7 5 4  2 9 8
9 8 7  2 1 3  5 6 4
Answer: 258
1 7 3  5 6 2  4 8 9
2 6 8  3 4 9  1 7 5
4 5 9  1 8 7  6 3 2

7 2 4  6 3 8  9 5 1
6 3 1  9 2 5  8 4 7
8 9 5  4 7 1  3 2 6

5 4 2  8 9 6  7 1 3
3 1 6  7 5 4  2 9 8
9 8 7  2 1 3  5 6 4
Answer: 259
1 7 3  5 6 2  4 8 9
2 6 8  3 4 9  1 7 5
9 5 4  1 8 7  6 3 2

4 2 7  6 3 8  9 5 1
6 3 1  9 2 5  8 4 7
8 9 5  4 7 1  3 2 6

5 4 2  8 9 6  7 1 3
3 1 6  7 5 4  2 9 8
7 8 9  2 1 3  5 6 4
Answer: 260
1 7 3  5 6 2  4 8 9
2 6 8  3 4 9  1 7 5
4 5 9  1 8 7  6 3 2

7 4 2  6 3 8  9 5 1
6 3 1  9 2 5  8 4 7
8 9 5  4 7 1  3 2 6

5 2 4  8 9 6  7 1 3
3 1 6  7 5 4  2 9 8
9 8 7  2 1 3  5 6 4
Answer: 261
1 7 3  5 6 2  4 8 9
2 6 8  3 4 9  1 7 5
4 5 9  1 8 7  6 3 2

7 4 2  6 3 8  9 5 1
6 3 1  9 2 5  8 4 7
9 8 5  4 7 1  3 2 6

5 2 4  8 9 6  7 1 3
3 1 6  7 5 4  2 9 8
8 9 7  2 1 3  5 6 4
Answer: 262
1 7 3  5 6 2  4 8 9
2 6 8  3 4 9  1 7 5
4 9 5  1 8 7  6 3 2

7 4 2  6 3 8  9 5 1
6 3 1  9 2 5  8 4 7
8 5 9  4 7 1  3 2 6

5 2 4  8 9 6  7 1 3
3 1 6  7 5 4  2 9 8
9 8 7  2 1 3  5 6 4
Answer: 263
1 7 3  5 6 2  4 8 9
2 6 8  3 4 9  1 7 5
9 5 4  1 8 7  6 3 2

7 4 2  6 3 8  9 5 1
6 3 1  9 2 5  8 4 7
5 8 9  4 7 1  3 2 6

4 2 5  8 9 6  7 1 3
3 1 6  7 5 4  2 9 8
8 9 7  2 1 3  5 6 4
Answer: 264
1 7 3  5 6 2  4 8 9
2 6 8  3 4 9  1 7 5
5 9 4  1 8 7  6 3 2

7 4 2  6 3 8  9 5 1
6 3 1  9 2 5  8 4 7
8 5 9  4 7 1  3 2 6

4 2 5  8 9 6  7 1 3
3 1 6  7 5 4  2 9 8
9 8 7  2 1 3  5 6 4
Answer: 265
1 7 3  5 6 2  4 8 9
8 6 2  3 4 9  1 7 5
4 5 9  1 8 7  6 3 2

7 2 4  6 3 8  9 5 1
6 3 1  9 2 5  8 4 7
5 9 8  4 7 1  3 2 6

2 4 5  8 9 6  7 1 3
3 1 6  7 5 4  2 9 8
9 8 7  2 1 3  5 6 4
Answer: 266
1 7 3  5 6 2  4 8 9
8 6 2  3 4 9  1 7 5
5 4 9  1 8 7  6 3 2

4 2 7  6 3 8  9 5 1
6 3 1  9 2 5  8 4 7
9 8 5  4 7 1  3 2 6

2 5 4  8 9 6  7 1 3
3 1 6  7 5 4  2 9 8
7 9 8  2 1 3  5 6 4
Answer: 267
1 7 3  5 6 2  4 8 9
8 6 2  3 4 9  1 7 5
4 5 9  1 8 7  6 3 2

2 4 7  6 3 8  9 5 1
6 3 1  9 2 5  8 4 7
9 8 5  4 7 1  3 2 6

5 2 4  8 9 6  7 1 3
3 1 6  7 5 4  2 9 8
7 9 8  2 1 3  5 6 4
Answer: 268
1 3 7  5 6 2  4 8 9
8 2 6  3 4 9  1 7 5
5 4 9  1 8 7  6 3 2

4 7 2  6 3 8  9 5 1
6 1 3  9 2 5  8 4 7
9 8 5  4 7 1  3 2 6

2 5 4  8 9 6  7 1 3
3 6 1  7 5 4  2 9 8
7 9 8  2 1 3  5 6 4
Answer: 269
1 3 7  5 6 2  4 8 9
8 2 6  3 4 9  1 7 5
5 4 9  1 8 7  6 3 2

2 7 4  6 3 8  9 5 1
6 1 3  9 2 5  8 4 7
9 8 5  4 7 1  3 2 6

4 5 2  8 9 6  7 1 3
3 6 1  7 5 4  2 9 8
7 9 8  2 1 3  5 6 4
Answer: 270
1 3 7  5 6 2  4 8 9
8 2 6  3 4 9  1 7 5
4 5 9  1 8 7  6 3 2

2 7 4  6 3 8  9 5 1
6 1 3  9 2 5  8 4 7
9 8 5  4 7 1  3 2 6

5 4 2  8 9 6  7 1 3
3 6 1  7 5 4  2 9 8
7 9 8  2 1 3  5 6 4
Answer: 271
1 7 3  5 6 2  4 8 9
8 6 2  3 4 9  1 7 5
9 4 5  1 8 7  6 3 2

4 2 7  6 3 8  9 5 1
6 3 1  9 2 5  8 4 7
5 8 9  4 7 1  3 2 6

2 5 4  8 9 6  7 1 3
3 1 6  7 5 4  2 9 8
7 9 8  2 1 3  5 6 4
Answer: 272
1 3 7  5 6 2  4 8 9
8 2 6  3 4 9  1 7 5
9 4 5  1 8 7  6 3 2

4 7 2  6 3 8  9 5 1
6 1 3  9 2 5  8 4 7
5 8 9  4 7 1  3 2 6

2 5 4  8 9 6  7 1 3
3 6 1  7 5 4  2 9 8
7 9 8  2 1 3  5 6 4
Answer: 273
1 3 7  5 6 2  4 8 9
8 2 6  3 4 9  1 7 5
4 9 5  1 8 7  6 3 2

7 4 2  6 3 8  9 5 1
6 1 3  9 2 5  8 4 7
5 8 9  4 7 1  3 2 6

2 5 4  8 9 6  7 1 3
3 6 1  7 5 4  2 9 8
9 7 8  2 1 3  5 6 4
Answer: 274
1 3 7  5 6 2  4 8 9
8 2 6  3 4 9  1 7 5
9 4 5  1 8 7  6 3 2

2 7 4  6 3 8  9 5 1
6 1 3  9 2 5  8 4 7
5 8 9  4 7 1  3 2 6

4 5 2  8 9 6  7 1 3
3 6 1  7 5 4  2 9 8
7 9 8  2 1 3  5 6 4
Answer: 275
1 7 3  5 6 2  4 8 9
8 6 2  3 4 9  1 7 5
9 5 4  1 8 7  6 3 2

4 2 7  6 3 8  9 5 1
6 3 1  9 2 5  8 4 7
5 8 9  4 7 1  3 2 6

2 4 5  8 9 6  7 1 3
3 1 6  7 5 4  2 9 8
7 9 8  2 1 3  5 6 4
Answer: 276
1 7 3  5 6 2  4 8 9
8 6 2  3 4 9  1 7 5
9 5 4  1 8 7  6 3 2

2 4 7  6 3 8  9 5 1
6 3 1  9 2 5  8 4 7
5 8 9  4 7 1  3 2 6

4 2 5  8 9 6  7 1 3
3 1 6  7 5 4  2 9 8
7 9 8  2 1 3  5 6 4
Answer: 277
1 3 7  5 6 2  4 8 9
8 2 6  3 4 9  1 7 5
9 5 4  1 8 7  6 3 2

4 7 2  6 3 8  9 5 1
6 1 3  9 2 5  8 4 7
5 8 9  4 7 1  3 2 6

2 4 5  8 9 6  7 1 3
3 6 1  7 5 4  2 9 8
7 9 8  2 1 3  5 6 4
Answer: 278
1 7 3  5 6 2  4 8 9
8 6 2  3 4 9  1 7 5
9 4 5  1 8 7  6 3 2

4 2 7  6 3 8  9 5 1
6 3 1  9 2 5  8 4 7
5 9 8  4 7 1  3 2 6

2 5 4  8 9 6  7 1 3
3 1 6  7 5 4  2 9 8
7 8 9  2 1 3  5 6 4
Answer: 279
1 7 3  5 6 2  4 8 9
8 6 2  3 4 9  1 7 5
5 9 4  1 8 7  6 3 2

4 2 7  6 3 8  9 5 1
6 3 1  9 2 5  8 4 7
9 5 8  4 7 1  3 2 6

2 4 5  8 9 6  7 1 3
3 1 6  7 5 4  2 9 8
7 8 9  2 1 3  5 6 4
Answer: 280
1 7 3  5 6 2  4 8 9
8 6 2  3 4 9  1 7 5
9 5 4  1 8 7  6 3 2

4 2 7  6 3 8  9 5 1
6 3 1  9 2 5  8 4 7
5 9 8  4 7 1  3 2 6

2 4 5  8 9 6  7 1 3
3 1 6  7 5 4  2 9 8
7 8 9  2 1 3  5 6 4
Answer: 281
1 7 3  5 6 2  4 8 9
8 6 2  3 4 9  1 7 5
4 9 5  1 8 7  6 3 2

2 4 7  6 3 8  9 5 1
6 3 1  9 2 5  8 4 7
9 5 8  4 7 1  3 2 6

5 2 4  8 9 6  7 1 3
3 1 6  7 5 4  2 9 8
7 8 9  2 1 3  5 6 4
Answer: 282
1 7 3  5 6 2  4 8 9
8 6 2  3 4 9  1 7 5
9 5 4  1 8 7  6 3 2

2 4 7  6 3 8  9 5 1
6 3 1  9 2 5  8 4 7
5 9 8  4 7 1  3 2 6

4 2 5  8 9 6  7 1 3
3 1 6  7 5 4  2 9 8
7 8 9  2 1 3  5 6 4
Answer: 283
1 7 3  5 6 2  4 8 9
8 6 2  3 4 9  1 7 5
5 9 4  1 8 7  6 3 2

2 4 7  6 3 8  9 5 1
6 3 1  9 2 5  8 4 7
9 5 8  4 7 1  3 2 6

4 2 5  8 9 6  7 1 3
3 1 6  7 5 4  2 9 8
7 8 9  2 1 3  5 6 4
Answer: 284
1 3 7  5 6 2  4 8 9
8 2 6  3 4 9  1 7 5
9 4 5  1 8 7  6 3 2

4 7 2  6 3 8  9 5 1
6 1 3  9 2 5  8 4 7
5 9 8  4 7 1  3 2 6

2 5 4  8 9 6  7 1 3
3 6 1  7 5 4  2 9 8
7 8 9  2 1 3  5 6 4
Answer: 285
1 3 7  5 6 2  4 8 9
8 2 6  3 4 9  1 7 5
5 9 4  1 8 7  6 3 2

4 7 2  6 3 8  9 5 1
6 1 3  9 2 5  8 4 7
9 5 8  4 7 1  3 2 6

2 4 5  8 9 6  7 1 3
3 6 1  7 5 4  2 9 8
7 8 9  2 1 3  5 6 4
Answer: 286
1 3 7  5 6 2  4 8 9
8 2 6  3 4 9  1 7 5
9 5 4  1 8 7  6 3 2

4 7 2  6 3 8  9 5 1
6 1 3  9 2 5  8 4 7
5 9 8  4 7 1  3 2 6

2 4 5  8 9 6  7 1 3
3 6 1  7 5 4  2 9 8
7 8 9  2 1 3  5 6 4
Answer: 287
1 3 7  5 6 2  4 8 9
8 2 6  3 4 9  1 7 5
4 9 5  1 8 7  6 3 2

2 7 4  6 3 8  9 5 1
6 1 3  9 2 5  8 4 7
9 5 8  4 7 1  3 2 6

5 4 2  8 9 6  7 1 3
3 6 1  7 5 4  2 9 8
7 8 9  2 1 3  5 6 4
Answer: 288
1 3 7  5 6 2  4 8 9
8 2 6  3 4 9  1 7 5
9 4 5  1 8 7  6 3 2

2 7 4  6 3 8  9 5 1
6 1 3  9 2 5  8 4 7
5 9 8  4 7 1  3 2 6

4 5 2  8 9 6  7 1 3
3 6 1  7 5 4  2 9 8
7 8 9  2 1 3  5 6 4
SATISFIABLE

Models       : 288
Calls        : 1
Time         : 0.308s (Solving: 0.30s 1st Model: 0.00s Unsat: 0.00s)
CPU Time     : 0.308s