clingo version 5.6.2
Reading from ./instances/lp/ex07.lp
Solving...
Answer: 1
7 1 4  5 2 9  3 6 8
2 6 8  7 3 1  9 5 4
3 9 5  8 6 4  7 1 2

1 8 3  9 7 2  6 4 5
9 2 6  3 4 5  1 8 7
5 4 7  1 8 6  2 9 3

4 5 2  6 1 7  8 3 9
8 7 1  4 9 3  5 2 6
6 3 9  2 5 8  4 7 1
Answer: 2
7 1 4  5 2 9  3 6 8
2 6 8  7 3 1  9 4 5
3 9 5  8 6 4  7 1 2

1 8 3  9 7 2  6 5 4
9 2 6  3 4 5  1 8 7
5 4 7  1 8 6  2 9 3

4 5 2  6 1 7  8 3 9
8 7 1  4 9 3  5 2 6
6 3 9  2 5 8  4 7 1
Answer: 3
7 1 4  5 2 9  3 6 8
2 6 8  7 3 1  9 4 5
3 9 5  8 6 4  7 1 2

1 8 3  9 7 2  6 5 4
9 2 6  3 4 5  1 8 7
5 4 7  1 8 6  2 3 9

4 5 2  6 1 7  8 9 3
8 7 1  4 9 3  5 2 6
6 3 9  2 5 8  4 7 1
Answer: 4
7 1 4  5 2 9  3 6 8
2 6 8  7 3 1  9 5 4
3 9 5  8 6 4  7 1 2

1 8 3  9 7 2  6 4 5
9 2 6  3 4 5  1 8 7
5 4 7  1 8 6  2 3 9

4 5 2  6 1 7  8 9 3
8 7 1  4 9 3  5 2 6
6 3 9  2 5 8  4 7 1
Answer: 5
7 1 4  5 2 9  3 8 6
2 6 8  7 3 1  9 4 5
3 9 5  8 6 4  7 2 1

1 8 3  9 7 2  6 5 4
9 2 6  3 4 5  1 7 8
5 4 7  1 8 6  2 3 9

4 5 2  6 1 7  8 9 3
8 7 1  4 9 3  5 6 2
6 3 9  2 5 8  4 1 7
Answer: 6
7 1 4  5 2 9  3 8 6
2 6 8  7 3 1  9 5 4
3 9 5  8 6 4  7 2 1

1 8 3  9 7 2  6 4 5
9 2 6  3 4 5  1 7 8
5 4 7  1 8 6  2 3 9

4 5 2  6 1 7  8 9 3
8 7 1  4 9 3  5 6 2
6 3 9  2 5 8  4 1 7
Answer: 7
7 1 4  5 2 9  3 8 6
2 6 8  7 3 1  9 5 4
3 9 5  8 6 4  7 2 1

1 8 3  9 7 2  6 4 5
9 2 6  3 4 5  1 7 8
5 4 7  1 8 6  2 9 3

4 5 2  6 1 7  8 3 9
8 7 1  4 9 3  5 6 2
6 3 9  2 5 8  4 1 7
Answer: 8
7 1 4  5 2 9  3 8 6
2 6 8  7 3 1  9 4 5
3 9 5  8 6 4  7 2 1

1 8 3  9 7 2  6 5 4
9 2 6  3 4 5  1 7 8
5 4 7  1 8 6  2 9 3

4 5 2  6 1 7  8 3 9
8 7 1  4 9 3  5 6 2
6 3 9  2 5 8  4 1 7
SATISFIABLE

Models       : 8
Calls        : 1
Time         : 0.016s (Solving: 0.01s 1st Model: 0.00s Unsat: 0.00s)
CPU Time     : 0.016s