clingo version 5.6.2
Reading from ./instances/lp/ex08.lp
Solving...
Answer: 1
1 5 4  9 8 6  2 7 3
3 6 8  2 7 4  1 9 5
9 2 7  5 1 3  6 4 8

5 9 6  1 4 8  3 2 7
7 8 1  3 9 2  5 6 4
2 4 3  6 5 7  9 8 1

8 1 5  7 2 9  4 3 6
4 3 9  8 6 5  7 1 2
6 7 2  4 3 1  8 5 9
Answer: 2
1 5 4  9 8 6  2 7 3
3 6 8  2 7 4  1 5 9
9 2 7  5 1 3  6 4 8

5 9 6  1 4 8  3 2 7
7 8 1  3 9 2  5 6 4
2 4 3  6 5 7  9 8 1

8 1 5  7 2 9  4 3 6
4 3 9  8 6 5  7 1 2
6 7 2  4 3 1  8 9 5
Answer: 3
1 5 4  9 8 6  2 3 7
3 6 8  2 7 4  1 9 5
9 2 7  5 1 3  6 8 4

5 9 6  1 4 8  3 7 2
7 8 1  3 9 2  5 4 6
2 4 3  6 5 7  9 1 8

8 1 5  7 2 9  4 6 3
4 3 9  8 6 5  7 2 1
6 7 2  4 3 1  8 5 9
Answer: 4
1 5 4  9 8 6  2 3 7
3 6 8  2 7 4  1 5 9
9 2 7  5 1 3  6 8 4

5 9 6  1 4 8  3 7 2
7 8 1  3 9 2  5 4 6
2 4 3  6 5 7  9 1 8

8 1 5  7 2 9  4 6 3
4 3 9  8 6 5  7 2 1
6 7 2  4 3 1  8 9 5
SATISFIABLE

Models       : 4
Calls        : 1
Time         : 0.012s (Solving: 0.00s 1st Model: 0.00s Unsat: 0.00s)
CPU Time     : 0.012s