clingo version 5.6.2
Reading from ./instances/lp/ex09.lp
Solving...
Answer: 1
6 2 9  3 5 4  8 7 1
1 5 7  2 8 6  4 3 9
3 8 4  9 7 1  2 5 6

4 1 5  7 6 8  9 2 3
2 9 6  4 1 3  5 8 7
8 7 3  5 2 9  6 1 4

9 6 1  8 3 2  7 4 5
7 4 2  1 9 5  3 6 8
5 3 8  6 4 7  1 9 2
Answer: 2
1 2 9  3 5 4  8 7 6
3 5 7  2 8 6  4 9 1
6 8 4  9 7 1  2 5 3

4 1 5  7 6 8  9 3 2
2 9 6  4 1 3  5 8 7
8 7 3  5 2 9  6 1 4

9 6 1  8 3 2  7 4 5
7 4 2  1 9 5  3 6 8
5 3 8  6 4 7  1 2 9
Answer: 3
6 2 9  3 5 4  8 7 1
1 5 7  2 8 6  4 9 3
3 8 4  9 7 1  2 5 6

4 1 5  7 6 8  9 3 2
2 9 6  4 1 3  5 8 7
8 7 3  5 2 9  6 1 4

9 6 1  8 3 2  7 4 5
7 4 2  1 9 5  3 6 8
5 3 8  6 4 7  1 2 9
Answer: 4
1 2 9  3 5 4  8 7 6
3 5 7  2 8 6  4 1 9
6 8 4  9 7 1  2 3 5

4 1 5  7 6 8  9 2 3
2 9 6  4 1 3  5 8 7
8 7 3  5 2 9  6 4 1

9 6 1  8 3 2  7 5 4
7 4 2  1 9 5  3 6 8
5 3 8  6 4 7  1 9 2
Answer: 5
1 2 9  3 5 4  8 6 7
3 5 7  2 8 6  4 9 1
6 8 4  9 7 1  2 5 3

4 1 5  7 6 8  9 3 2
2 9 6  4 1 3  5 7 8
8 7 3  5 2 9  6 1 4

9 6 1  8 3 2  7 4 5
7 4 2  1 9 5  3 8 6
5 3 8  6 4 7  1 2 9
Answer: 6
1 2 9  3 5 4  8 6 7
3 5 7  2 8 6  4 1 9
6 8 4  9 7 1  2 3 5

4 1 5  7 6 8  9 2 3
2 9 6  4 1 3  5 7 8
8 7 3  5 2 9  6 4 1

9 6 1  8 3 2  7 5 4
7 4 2  1 9 5  3 8 6
5 3 8  6 4 7  1 9 2
Answer: 7
6 2 9  3 5 4  8 1 7
1 5 7  2 8 6  4 3 9
3 8 4  9 7 1  2 6 5

4 1 5  7 6 8  9 2 3
2 9 6  4 1 3  5 7 8
8 7 3  5 2 9  6 4 1

9 6 1  8 3 2  7 5 4
7 4 2  1 9 5  3 8 6
5 3 8  6 4 7  1 9 2
Answer: 8
6 2 9  3 5 4  8 1 7
1 5 7  2 8 6  4 9 3
3 8 4  9 7 1  2 6 5

4 1 5  7 6 8  9 3 2
2 9 6  4 1 3  5 7 8
8 7 3  5 2 9  6 4 1

9 6 1  8 3 2  7 5 4
7 4 2  1 9 5  3 8 6
5 3 8  6 4 7  1 2 9
SATISFIABLE

Models       : 8
Calls        : 1
Time         : 0.016s (Solving: 0.01s 1st Model: 0.00s Unsat: 0.00s)
CPU Time     : 0.016s