clingo version 5.6.2
Reading from ./instances/lp/ex10.lp
Solving...
Answer: 1
3 4 6  5 2 8  9 7 1
9 1 5  7 6 3  4 8 2
2 7 8  9 4 1  3 6 5

1 2 4  8 3 5  7 9 6
8 3 7  2 9 6  1 5 4
5 6 9  4 1 7  8 2 3

7 5 3  1 8 2  6 4 9
6 9 2  3 7 4  5 1 8
4 8 1  6 5 9  2 3 7
Answer: 2
3 4 6  5 2 8  9 7 1
9 1 5  7 6 3  4 8 2
2 7 8  9 4 1  3 5 6

1 2 4  8 3 5  7 6 9
8 3 7  2 9 6  1 4 5
5 6 9  4 1 7  8 2 3

7 5 3  1 8 2  6 9 4
6 9 2  3 7 4  5 1 8
4 8 1  6 5 9  2 3 7
Answer: 3
3 4 6  5 2 8  9 7 1
9 1 5  7 6 3  4 8 2
2 7 8  9 4 1  3 5 6

1 2 4  8 3 5  7 6 9
8 3 7  2 9 6  1 4 5
5 6 9  4 1 7  8 2 3

4 5 3  1 8 2  6 9 7
6 9 2  3 7 4  5 1 8
7 8 1  6 5 9  2 3 4
Answer: 4
3 4 6  5 2 8  9 7 1
9 1 5  7 6 3  4 8 2
2 7 8  9 4 1  3 5 6

1 6 4  8 3 5  7 2 9
8 3 7  2 9 6  1 4 5
5 2 9  4 1 7  8 6 3

7 5 3  1 8 2  6 9 4
6 9 2  3 7 4  5 1 8
4 8 1  6 5 9  2 3 7
Answer: 5
3 4 6  5 2 8  9 7 1
9 1 5  7 6 3  4 8 2
2 7 8  9 4 1  3 5 6

1 6 4  8 3 5  7 2 9
8 3 7  2 9 6  1 4 5
5 2 9  4 1 7  8 6 3

4 5 3  1 8 2  6 9 7
6 9 2  3 7 4  5 1 8
7 8 1  6 5 9  2 3 4
Answer: 6
3 4 6  5 2 8  9 7 1
1 9 5  7 6 3  4 8 2
2 7 8  9 4 1  3 5 6

6 1 4  8 3 5  7 2 9
8 3 7  2 9 6  1 4 5
5 2 9  4 1 7  8 6 3

7 5 3  1 8 2  6 9 4
9 6 2  3 7 4  5 1 8
4 8 1  6 5 9  2 3 7
Answer: 7
3 4 6  5 2 8  9 7 1
1 9 5  7 6 3  4 8 2
2 7 8  9 4 1  3 5 6

6 1 4  8 3 5  7 2 9
8 3 7  2 9 6  1 4 5
5 2 9  4 1 7  8 6 3

4 5 3  1 8 2  6 9 7
9 6 2  3 7 4  5 1 8
7 8 1  6 5 9  2 3 4
Answer: 8
3 4 6  5 2 8  9 7 1
9 1 5  7 6 3  4 8 2
2 7 8  9 4 1  3 6 5

1 6 4  8 3 5  7 2 9
8 3 7  2 9 6  1 5 4
5 2 9  4 1 7  8 3 6

4 5 3  1 8 2  6 9 7
6 9 2  3 7 4  5 1 8
7 8 1  6 5 9  2 4 3
Answer: 9
3 4 6  5 2 8  9 7 1
1 9 5  7 6 3  4 8 2
2 7 8  9 4 1  3 6 5

6 1 4  8 3 5  7 2 9
8 3 7  2 9 6  1 5 4
5 2 9  4 1 7  8 3 6

4 5 3  1 8 2  6 9 7
9 6 2  3 7 4  5 1 8
7 8 1  6 5 9  2 4 3
Answer: 10
4 3 6  5 2 8  9 7 1
9 1 5  7 6 3  4 8 2
2 7 8  9 4 1  3 5 6

1 6 4  8 3 5  7 2 9
8 5 7  2 9 6  1 4 3
3 2 9  4 1 7  8 6 5

5 4 3  1 8 2  6 9 7
6 9 2  3 7 4  5 1 8
7 8 1  6 5 9  2 3 4
Answer: 11
4 3 6  5 2 8  9 7 1
9 1 5  7 6 3  4 8 2
2 7 8  9 4 1  3 5 6

1 2 4  8 3 5  7 6 9
8 5 7  2 9 6  1 4 3
3 6 9  4 1 7  8 2 5

5 4 3  1 8 2  6 9 7
6 9 2  3 7 4  5 1 8
7 8 1  6 5 9  2 3 4
Answer: 12
4 3 6  5 2 8  9 7 1
9 1 5  7 6 3  4 8 2
2 7 8  9 4 1  3 5 6

1 2 4  8 3 5  7 6 9
8 5 7  2 9 6  1 3 4
3 6 9  4 1 7  8 2 5

5 4 3  1 8 2  6 9 7
6 9 2  3 7 4  5 1 8
7 8 1  6 5 9  2 4 3
Answer: 13
4 3 6  5 2 8  9 7 1
9 1 5  7 6 3  4 8 2
2 7 8  9 4 1  3 5 6

1 6 4  8 3 5  7 2 9
8 5 7  2 9 6  1 3 4
3 2 9  4 1 7  8 6 5

5 4 3  1 8 2  6 9 7
6 9 2  3 7 4  5 1 8
7 8 1  6 5 9  2 4 3
Answer: 14
4 3 6  5 2 8  9 7 1
9 1 5  7 6 3  4 8 2
2 7 8  9 4 1  3 5 6

1 6 4  8 3 5  7 2 9
3 8 7  2 9 6  1 4 5
5 2 9  4 1 7  8 6 3

7 5 3  1 8 2  6 9 4
6 9 2  3 7 4  5 1 8
8 4 1  6 5 9  2 3 7
Answer: 15
4 3 6  5 2 8  9 7 1
9 1 5  7 6 3  4 8 2
2 7 8  9 4 1  3 5 6

1 6 4  8 3 5  7 2 9
5 8 7  2 9 6  1 4 3
3 2 9  4 1 7  8 6 5

7 5 3  1 8 2  6 9 4
6 9 2  3 7 4  5 1 8
8 4 1  6 5 9  2 3 7
Answer: 16
4 3 6  5 2 8  9 7 1
9 1 5  7 6 3  4 8 2
2 7 8  9 4 1  3 5 6

1 2 4  8 3 5  7 6 9
3 8 7  2 9 6  1 4 5
5 6 9  4 1 7  8 2 3

7 5 3  1 8 2  6 9 4
6 9 2  3 7 4  5 1 8
8 4 1  6 5 9  2 3 7
Answer: 17
4 3 6  5 2 8  9 7 1
9 1 5  7 6 3  4 8 2
2 7 8  9 4 1  3 5 6

1 2 4  8 3 5  7 6 9
5 8 7  2 9 6  1 4 3
3 6 9  4 1 7  8 2 5

7 5 3  1 8 2  6 9 4
6 9 2  3 7 4  5 1 8
8 4 1  6 5 9  2 3 7
Answer: 18
4 3 6  5 2 8  9 7 1
9 1 5  7 6 3  4 2 8
2 7 8  9 4 1  3 5 6

1 6 4  8 3 5  7 9 2
8 5 7  2 9 6  1 3 4
3 2 9  4 1 7  8 6 5

5 9 3  1 8 2  6 4 7
6 8 2  3 7 4  5 1 9
7 4 1  6 5 9  2 8 3
Answer: 19
4 3 6  5 2 8  9 7 1
9 1 5  7 6 3  4 8 2
2 7 8  9 4 1  3 6 5

1 6 4  8 3 5  7 2 9
8 5 7  2 9 6  1 3 4
3 2 9  4 1 7  8 5 6

5 4 3  1 8 2  6 9 7
6 9 2  3 7 4  5 1 8
7 8 1  6 5 9  2 4 3
Answer: 20
4 3 6  5 2 8  9 7 1
9 1 5  7 6 3  4 8 2
2 7 8  9 4 1  3 6 5

1 6 4  8 3 5  7 2 9
8 5 7  2 9 6  1 4 3
3 2 9  4 1 7  8 5 6

5 4 3  1 8 2  6 9 7
6 9 2  3 7 4  5 1 8
7 8 1  6 5 9  2 3 4
Answer: 21
4 3 6  5 2 8  9 7 1
9 1 5  7 6 3  4 8 2
2 7 8  9 4 1  3 6 5

1 6 4  8 3 5  7 2 9
5 8 7  2 9 6  1 4 3
3 2 9  4 1 7  8 5 6

7 5 3  1 8 2  6 9 4
6 9 2  3 7 4  5 1 8
8 4 1  6 5 9  2 3 7
Answer: 22
4 3 6  5 2 8  9 7 1
9 1 5  7 6 3  4 8 2
2 7 8  9 4 1  3 6 5

1 2 4  8 3 5  7 9 6
3 8 7  2 9 6  1 5 4
5 6 9  4 1 7  8 2 3

7 5 3  1 8 2  6 4 9
6 9 2  3 7 4  5 1 8
8 4 1  6 5 9  2 3 7
Answer: 23
4 3 6  5 2 8  9 7 1
9 1 5  7 6 3  4 8 2
2 7 8  9 4 1  3 6 5

1 2 4  8 3 5  7 9 6
3 8 7  2 9 6  1 5 4
6 5 9  4 1 7  8 2 3

5 9 3  1 8 2  6 4 7
8 6 2  3 7 4  5 1 9
7 4 1  6 5 9  2 3 8
Answer: 24
4 3 6  5 2 8  9 7 1
9 1 5  7 6 3  4 2 8
2 7 8  9 4 1  3 6 5

1 2 4  8 3 5  7 9 6
3 8 7  2 9 6  1 5 4
6 5 9  4 1 7  8 3 2

5 9 3  1 8 2  6 4 7
8 6 2  3 7 4  5 1 9
7 4 1  6 5 9  2 8 3
Answer: 25
4 3 6  5 2 8  9 7 1
9 1 5  7 6 3  4 2 8
2 7 8  9 4 1  3 6 5

1 6 4  8 3 5  7 9 2
8 5 7  2 9 6  1 3 4
3 2 9  4 1 7  8 5 6

5 9 3  1 8 2  6 4 7
6 8 2  3 7 4  5 1 9
7 4 1  6 5 9  2 8 3
Answer: 26
4 3 6  5 2 8  9 7 1
9 1 5  7 6 3  4 2 8
2 7 8  9 4 1  3 6 5

1 2 4  8 3 5  7 9 6
8 5 7  2 9 6  1 3 4
3 6 9  4 1 7  8 5 2

5 9 3  1 8 2  6 4 7
6 8 2  3 7 4  5 1 9
7 4 1  6 5 9  2 8 3
Answer: 27
4 3 6  5 2 8  9 7 1
1 9 5  7 6 3  4 8 2
2 7 8  9 4 1  3 5 6

6 1 4  8 3 5  7 2 9
8 5 7  2 9 6  1 3 4
3 2 9  4 1 7  8 6 5

5 4 3  1 8 2  6 9 7
9 6 2  3 7 4  5 1 8
7 8 1  6 5 9  2 4 3
Answer: 28
4 3 6  5 2 8  9 7 1
1 9 5  7 6 3  4 8 2
2 7 8  9 4 1  3 5 6

6 1 4  8 3 5  7 2 9
3 8 7  2 9 6  1 4 5
5 2 9  4 1 7  8 6 3

7 5 3  1 8 2  6 9 4
9 6 2  3 7 4  5 1 8
8 4 1  6 5 9  2 3 7
Answer: 29
4 3 6  5 2 8  9 7 1
1 9 5  7 6 3  4 8 2
2 7 8  9 4 1  3 5 6

6 1 4  8 3 5  7 2 9
5 8 7  2 9 6  1 4 3
3 2 9  4 1 7  8 6 5

7 5 3  1 8 2  6 9 4
9 6 2  3 7 4  5 1 8
8 4 1  6 5 9  2 3 7
Answer: 30
4 3 6  5 2 8  9 7 1
1 9 5  7 6 3  4 8 2
2 7 8  9 4 1  3 5 6

6 1 4  8 3 5  7 2 9
8 5 7  2 9 6  1 4 3
3 2 9  4 1 7  8 6 5

5 4 3  1 8 2  6 9 7
9 6 2  3 7 4  5 1 8
7 8 1  6 5 9  2 3 4
Answer: 31
4 3 6  5 2 8  9 7 1
1 9 5  7 6 3  4 2 8
2 7 8  9 4 1  3 5 6

6 1 4  8 3 5  7 9 2
5 8 7  2 9 6  1 3 4
3 2 9  4 1 7  8 6 5

9 5 3  1 8 2  6 4 7
8 6 2  3 7 4  5 1 9
7 4 1  6 5 9  2 8 3
Answer: 32
4 3 6  5 2 8  9 7 1
1 9 5  7 6 3  4 8 2
2 7 8  9 4 1  3 6 5

6 1 4  8 3 5  7 2 9
5 8 7  2 9 6  1 4 3
3 2 9  4 1 7  8 5 6

7 5 3  1 8 2  6 9 4
9 6 2  3 7 4  5 1 8
8 4 1  6 5 9  2 3 7
Answer: 33
4 3 6  5 2 8  9 7 1
1 9 5  7 6 3  4 2 8
2 7 8  9 4 1  3 6 5

6 1 4  8 3 5  7 9 2
5 8 7  2 9 6  1 3 4
3 2 9  4 1 7  8 5 6

9 5 3  1 8 2  6 4 7
8 6 2  3 7 4  5 1 9
7 4 1  6 5 9  2 8 3
Answer: 34
4 3 6  5 2 8  9 7 1
1 9 5  7 6 3  4 2 8
2 7 8  9 4 1  3 6 5

6 1 4  8 3 5  7 9 2
3 8 7  2 9 6  1 5 4
5 2 9  4 1 7  8 3 6

9 5 3  1 8 2  6 4 7
8 6 2  3 7 4  5 1 9
7 4 1  6 5 9  2 8 3
Answer: 35
4 3 6  5 2 8  9 7 1
1 9 5  7 6 3  4 8 2
2 7 8  9 4 1  3 6 5

6 1 4  8 3 5  7 2 9
8 5 7  2 9 6  1 3 4
3 2 9  4 1 7  8 5 6

5 4 3  1 8 2  6 9 7
9 6 2  3 7 4  5 1 8
7 8 1  6 5 9  2 4 3
Answer: 36
4 3 6  5 2 8  9 7 1
1 9 5  7 6 3  4 8 2
2 7 8  9 4 1  3 6 5

6 1 4  8 3 5  7 2 9
8 5 7  2 9 6  1 4 3
3 2 9  4 1 7  8 5 6

5 4 3  1 8 2  6 9 7
9 6 2  3 7 4  5 1 8
7 8 1  6 5 9  2 3 4
Answer: 37
3 4 6  5 2 8  9 7 1
9 1 5  7 6 3  4 8 2
7 2 8  9 4 1  3 5 6

1 6 4  8 3 5  7 2 9
5 8 7  2 9 6  1 4 3
2 3 9  4 1 7  8 6 5

4 5 3  1 8 2  6 9 7
6 9 2  3 7 4  5 1 8
8 7 1  6 5 9  2 3 4
Answer: 38
3 4 6  5 2 8  9 7 1
9 1 5  7 6 3  4 8 2
7 2 8  9 4 1  3 5 6

1 6 4  8 3 5  7 2 9
8 3 7  2 9 6  1 4 5
2 5 9  4 1 7  8 6 3

5 7 3  1 8 2  6 9 4
6 9 2  3 7 4  5 1 8
4 8 1  6 5 9  2 3 7
Answer: 39
3 4 6  5 2 8  9 7 1
9 1 5  7 6 3  4 8 2
7 2 8  9 4 1  3 5 6

1 6 4  8 3 5  7 2 9
8 5 7  2 9 6  1 4 3
2 3 9  4 1 7  8 6 5

5 7 3  1 8 2  6 9 4
6 9 2  3 7 4  5 1 8
4 8 1  6 5 9  2 3 7
Answer: 40
3 4 6  5 2 8  9 7 1
1 9 5  7 6 3  4 8 2
7 2 8  9 4 1  3 5 6

2 1 4  8 3 5  7 6 9
5 8 7  2 9 6  1 4 3
6 3 9  4 1 7  8 2 5

4 5 3  1 8 2  6 9 7
9 6 2  3 7 4  5 1 8
8 7 1  6 5 9  2 3 4
Answer: 41
3 4 6  5 2 8  9 7 1
1 9 5  7 6 3  4 8 2
7 2 8  9 4 1  3 5 6

6 1 4  8 3 5  7 2 9
5 8 7  2 9 6  1 4 3
2 3 9  4 1 7  8 6 5

4 5 3  1 8 2  6 9 7
9 6 2  3 7 4  5 1 8
8 7 1  6 5 9  2 3 4
Answer: 42
3 4 6  5 2 8  9 7 1
1 9 5  7 6 3  4 8 2
7 2 8  9 4 1  3 5 6

2 1 4  8 3 5  7 6 9
8 3 7  2 9 6  1 4 5
6 5 9  4 1 7  8 2 3

5 7 3  1 8 2  6 9 4
9 6 2  3 7 4  5 1 8
4 8 1  6 5 9  2 3 7
Answer: 43
3 4 6  5 2 8  9 7 1
1 9 5  7 6 3  4 8 2
7 2 8  9 4 1  3 5 6

2 1 4  8 3 5  7 6 9
8 5 7  2 9 6  1 4 3
6 3 9  4 1 7  8 2 5

5 7 3  1 8 2  6 9 4
9 6 2  3 7 4  5 1 8
4 8 1  6 5 9  2 3 7
Answer: 44
3 4 6  5 2 8  9 7 1
1 9 5  7 6 3  4 8 2
7 2 8  9 4 1  3 5 6

6 1 4  8 3 5  7 2 9
8 3 7  2 9 6  1 4 5
2 5 9  4 1 7  8 6 3

5 7 3  1 8 2  6 9 4
9 6 2  3 7 4  5 1 8
4 8 1  6 5 9  2 3 7
Answer: 45
3 4 6  5 2 8  9 7 1
1 9 5  7 6 3  4 8 2
7 2 8  9 4 1  3 5 6

6 1 4  8 3 5  7 2 9
8 5 7  2 9 6  1 4 3
2 3 9  4 1 7  8 6 5

5 7 3  1 8 2  6 9 4
9 6 2  3 7 4  5 1 8
4 8 1  6 5 9  2 3 7
Answer: 46
4 3 6  5 2 8  9 7 1
9 1 5  7 6 3  4 8 2
7 2 8  9 4 1  3 5 6

1 6 4  8 3 5  7 2 9
3 8 7  2 9 6  1 4 5
2 5 9  4 1 7  8 6 3

5 7 3  1 8 2  6 9 4
6 9 2  3 7 4  5 1 8
8 4 1  6 5 9  2 3 7
Answer: 47
4 3 6  5 2 8  9 7 1
9 1 5  7 6 3  4 8 2
7 2 8  9 4 1  3 5 6

1 6 4  8 3 5  7 2 9
3 8 7  2 9 6  1 4 5
2 5 9  4 1 7  8 6 3

5 4 3  1 8 2  6 9 7
6 9 2  3 7 4  5 1 8
8 7 1  6 5 9  2 3 4
Answer: 48
4 3 6  5 2 8  9 7 1
1 9 5  7 6 3  4 8 2
7 2 8  9 4 1  3 5 6

2 1 4  8 3 5  7 6 9
3 8 7  2 9 6  1 4 5
6 5 9  4 1 7  8 2 3

5 7 3  1 8 2  6 9 4
9 6 2  3 7 4  5 1 8
8 4 1  6 5 9  2 3 7
Answer: 49
4 3 6  5 2 8  9 7 1
1 9 5  7 6 3  4 8 2
7 2 8  9 4 1  3 5 6

6 1 4  8 3 5  7 2 9
3 8 7  2 9 6  1 4 5
2 5 9  4 1 7  8 6 3

5 7 3  1 8 2  6 9 4
9 6 2  3 7 4  5 1 8
8 4 1  6 5 9  2 3 7
Answer: 50
4 3 6  5 2 8  9 7 1
1 9 5  7 6 3  4 8 2
7 2 8  9 4 1  3 5 6

2 1 4  8 3 5  7 6 9
3 8 7  2 9 6  1 4 5
6 5 9  4 1 7  8 2 3

5 4 3  1 8 2  6 9 7
9 6 2  3 7 4  5 1 8
8 7 1  6 5 9  2 3 4
Answer: 51
4 3 6  5 2 8  9 7 1
1 9 5  7 6 3  4 8 2
7 2 8  9 4 1  3 5 6

6 1 4  8 3 5  7 2 9
3 8 7  2 9 6  1 4 5
2 5 9  4 1 7  8 6 3

5 4 3  1 8 2  6 9 7
9 6 2  3 7 4  5 1 8
8 7 1  6 5 9  2 3 4
Answer: 52
3 4 6  5 2 8  9 7 1
9 1 5  7 6 3  4 8 2
7 2 8  9 4 1  3 6 5

1 6 4  8 3 5  7 2 9
5 8 7  2 9 6  1 4 3
2 3 9  4 1 7  8 5 6

4 5 3  1 8 2  6 9 7
6 9 2  3 7 4  5 1 8
8 7 1  6 5 9  2 3 4
Answer: 53
3 4 6  5 2 8  9 7 1
1 9 5  7 6 3  4 8 2
7 2 8  9 4 1  3 6 5

6 1 4  8 3 5  7 2 9
5 8 7  2 9 6  1 4 3
2 3 9  4 1 7  8 5 6

4 5 3  1 8 2  6 9 7
9 6 2  3 7 4  5 1 8
8 7 1  6 5 9  2 3 4
Answer: 54
3 4 6  5 2 8  9 7 1
9 1 5  7 6 3  4 8 2
7 2 8  9 4 1  3 6 5

1 6 4  8 3 5  7 2 9
8 5 7  2 9 6  1 4 3
2 3 9  4 1 7  8 5 6

5 7 3  1 8 2  6 9 4
6 9 2  3 7 4  5 1 8
4 8 1  6 5 9  2 3 7
Answer: 55
3 4 6  5 2 8  9 7 1
1 9 5  7 6 3  4 8 2
7 2 8  9 4 1  3 6 5

6 1 4  8 3 5  7 2 9
8 5 7  2 9 6  1 4 3
2 3 9  4 1 7  8 5 6

5 7 3  1 8 2  6 9 4
9 6 2  3 7 4  5 1 8
4 8 1  6 5 9  2 3 7
Answer: 56
3 4 6  5 2 8  9 7 1
9 1 5  7 6 3  4 8 2
7 2 8  9 4 1  3 5 6

1 6 4  8 3 5  7 2 9
5 8 7  2 9 6  1 3 4
2 3 9  4 1 7  8 6 5

4 5 3  1 8 2  6 9 7
6 9 2  3 7 4  5 1 8
8 7 1  6 5 9  2 4 3
Answer: 57
3 4 6  5 2 8  9 7 1
9 1 5  7 6 3  4 8 2
7 2 8  9 4 1  3 6 5

1 6 4  8 3 5  7 2 9
5 8 7  2 9 6  1 3 4
2 3 9  4 1 7  8 5 6

4 5 3  1 8 2  6 9 7
6 9 2  3 7 4  5 1 8
8 7 1  6 5 9  2 4 3
Answer: 58
4 3 6  5 2 8  9 7 1
9 1 5  7 6 3  4 8 2
7 2 8  9 4 1  3 6 5

1 6 4  8 3 5  7 2 9
3 8 7  2 9 6  1 5 4
2 5 9  4 1 7  8 3 6

5 4 3  1 8 2  6 9 7
6 9 2  3 7 4  5 1 8
8 7 1  6 5 9  2 4 3
Answer: 59
3 4 6  5 2 8  9 7 1
1 9 5  7 6 3  4 8 2
7 2 8  9 4 1  3 5 6

2 1 4  8 3 5  7 6 9
5 8 7  2 9 6  1 3 4
6 3 9  4 1 7  8 2 5

4 5 3  1 8 2  6 9 7
9 6 2  3 7 4  5 1 8
8 7 1  6 5 9  2 4 3
Answer: 60
3 4 6  5 2 8  9 7 1
1 9 5  7 6 3  4 8 2
7 2 8  9 4 1  3 5 6

6 1 4  8 3 5  7 2 9
5 8 7  2 9 6  1 3 4
2 3 9  4 1 7  8 6 5

4 5 3  1 8 2  6 9 7
9 6 2  3 7 4  5 1 8
8 7 1  6 5 9  2 4 3
Answer: 61
3 4 6  5 2 8  9 7 1
1 9 5  7 6 3  4 8 2
7 2 8  9 4 1  3 6 5

2 1 4  8 3 5  7 9 6
8 3 7  2 9 6  1 5 4
6 5 9  4 1 7  8 2 3

5 7 3  1 8 2  6 4 9
9 6 2  3 7 4  5 1 8
4 8 1  6 5 9  2 3 7
Answer: 62
3 4 6  5 2 8  9 7 1
1 9 5  7 6 3  4 8 2
7 2 8  9 4 1  3 6 5

2 1 4  8 3 5  7 9 6
8 3 7  2 9 6  1 5 4
5 6 9  4 1 7  8 2 3

9 5 3  1 8 2  6 4 7
6 8 2  3 7 4  5 1 9
4 7 1  6 5 9  2 3 8
Answer: 63
4 3 6  5 2 8  9 7 1
1 9 5  7 6 3  4 8 2
7 2 8  9 4 1  3 6 5

2 1 4  8 3 5  7 9 6
3 8 7  2 9 6  1 5 4
6 5 9  4 1 7  8 2 3

5 7 3  1 8 2  6 4 9
9 6 2  3 7 4  5 1 8
8 4 1  6 5 9  2 3 7
Answer: 64
3 4 6  5 2 8  9 7 1
1 9 5  7 6 3  4 8 2
7 2 8  9 4 1  3 6 5

6 1 4  8 3 5  7 2 9
5 8 7  2 9 6  1 3 4
2 3 9  4 1 7  8 5 6

4 5 3  1 8 2  6 9 7
9 6 2  3 7 4  5 1 8
8 7 1  6 5 9  2 4 3
Answer: 65
4 3 6  5 2 8  9 7 1
1 9 5  7 6 3  4 8 2
7 2 8  9 4 1  3 6 5

6 1 4  8 3 5  7 2 9
3 8 7  2 9 6  1 5 4
2 5 9  4 1 7  8 3 6

5 4 3  1 8 2  6 9 7
9 6 2  3 7 4  5 1 8
8 7 1  6 5 9  2 4 3
Answer: 66
3 4 6  5 2 8  9 7 1
9 1 5  7 6 3  4 2 8
7 2 8  9 4 1  3 5 6

1 6 4  8 3 5  7 9 2
8 5 7  2 9 6  1 3 4
2 3 9  4 1 7  8 6 5

5 9 3  1 8 2  6 4 7
6 8 2  3 7 4  5 1 9
4 7 1  6 5 9  2 8 3
Answer: 67
3 4 6  5 2 8  9 7 1
1 9 5  7 6 3  4 2 8
7 2 8  9 4 1  3 5 6

6 1 4  8 3 5  7 9 2
5 8 7  2 9 6  1 3 4
2 3 9  4 1 7  8 6 5

9 5 3  1 8 2  6 4 7
8 6 2  3 7 4  5 1 9
4 7 1  6 5 9  2 8 3
Answer: 68
3 4 6  5 2 8  9 7 1
9 1 5  7 6 3  4 2 8
7 2 8  9 4 1  3 6 5

1 6 4  8 3 5  7 9 2
8 3 7  2 9 6  1 5 4
2 5 9  4 1 7  8 3 6

5 9 3  1 8 2  6 4 7
6 8 2  3 7 4  5 1 9
4 7 1  6 5 9  2 8 3
Answer: 69
3 4 6  5 2 8  9 7 1
9 1 5  7 6 3  4 2 8
7 2 8  9 4 1  3 6 5

1 6 4  8 3 5  7 9 2
8 5 7  2 9 6  1 3 4
2 3 9  4 1 7  8 5 6

5 9 3  1 8 2  6 4 7
6 8 2  3 7 4  5 1 9
4 7 1  6 5 9  2 8 3
Answer: 70
3 4 6  5 2 8  9 7 1
1 9 5  7 6 3  4 2 8
7 2 8  9 4 1  3 6 5

2 1 4  8 3 5  7 9 6
5 8 7  2 9 6  1 3 4
6 3 9  4 1 7  8 5 2

9 5 3  1 8 2  6 4 7
8 6 2  3 7 4  5 1 9
4 7 1  6 5 9  2 8 3
Answer: 71
3 4 6  5 2 8  9 7 1
1 9 5  7 6 3  4 2 8
7 2 8  9 4 1  3 6 5

6 1 4  8 3 5  7 9 2
5 8 7  2 9 6  1 3 4
2 3 9  4 1 7  8 5 6

9 5 3  1 8 2  6 4 7
8 6 2  3 7 4  5 1 9
4 7 1  6 5 9  2 8 3
Answer: 72
3 4 6  5 2 8  9 7 1
1 9 5  7 6 3  4 2 8
7 2 8  9 4 1  3 6 5

2 1 4  8 3 5  7 9 6
8 3 7  2 9 6  1 5 4
5 6 9  4 1 7  8 3 2

9 5 3  1 8 2  6 4 7
6 8 2  3 7 4  5 1 9
4 7 1  6 5 9  2 8 3
Answer: 73
4 3 6  5 2 8  9 1 7
9 1 5  7 6 3  4 8 2
2 7 8  9 4 1  3 5 6

1 2 4  8 3 5  7 6 9
3 8 7  2 9 6  1 4 5
6 5 9  4 1 7  8 2 3

5 9 3  1 8 2  6 7 4
8 6 2  3 7 4  5 9 1
7 4 1  6 5 9  2 3 8
Answer: 74
4 3 6  5 2 8  9 1 7
9 1 5  7 6 3  4 2 8
2 7 8  9 4 1  3 5 6

1 2 4  8 3 5  7 6 9
3 8 7  2 9 6  1 4 5
5 6 9  4 1 7  8 3 2

7 5 3  1 8 2  6 9 4
6 9 2  3 7 4  5 8 1
8 4 1  6 5 9  2 7 3
Answer: 75
4 3 6  5 2 8  9 1 7
9 1 5  7 6 3  4 2 8
2 7 8  9 4 1  3 5 6

1 2 4  8 3 5  7 6 9
3 8 7  2 9 6  1 4 5
6 5 9  4 1 7  8 3 2

5 9 3  1 8 2  6 7 4
8 6 2  3 7 4  5 9 1
7 4 1  6 5 9  2 8 3
Answer: 76
4 3 6  5 2 8  9 1 7
9 1 5  7 6 3  4 2 8
2 7 8  9 4 1  3 5 6

1 6 4  8 3 5  7 9 2
5 8 7  2 9 6  1 3 4
3 2 9  4 1 7  8 6 5

7 5 3  1 8 2  6 4 9
6 9 2  3 7 4  5 8 1
8 4 1  6 5 9  2 7 3
Answer: 77
4 3 6  5 2 8  9 1 7
9 1 5  7 6 3  4 2 8
2 7 8  9 4 1  3 6 5

1 6 4  8 3 5  7 9 2
3 8 7  2 9 6  1 5 4
5 2 9  4 1 7  8 3 6

7 5 3  1 8 2  6 4 9
6 9 2  3 7 4  5 8 1
8 4 1  6 5 9  2 7 3
Answer: 78
4 3 6  5 2 8  9 1 7
9 1 5  7 6 3  4 2 8
2 7 8  9 4 1  3 6 5

1 6 4  8 3 5  7 9 2
5 8 7  2 9 6  1 3 4
3 2 9  4 1 7  8 5 6

7 5 3  1 8 2  6 4 9
6 9 2  3 7 4  5 8 1
8 4 1  6 5 9  2 7 3
Answer: 79
4 3 6  5 2 8  9 1 7
9 1 5  7 6 3  4 2 8
2 7 8  9 4 1  3 6 5

1 2 4  8 3 5  7 9 6
3 8 7  2 9 6  1 5 4
5 6 9  4 1 7  8 3 2

7 5 3  1 8 2  6 4 9
6 9 2  3 7 4  5 8 1
8 4 1  6 5 9  2 7 3
Answer: 80
4 3 6  5 2 8  9 1 7
9 1 5  7 6 3  4 2 8
2 7 8  9 4 1  3 6 5

1 2 4  8 3 5  7 9 6
5 8 7  2 9 6  1 3 4
3 6 9  4 1 7  8 5 2

7 5 3  1 8 2  6 4 9
6 9 2  3 7 4  5 8 1
8 4 1  6 5 9  2 7 3
Answer: 81
4 3 6  5 2 8  9 1 7
9 1 5  7 6 3  4 8 2
2 7 8  9 4 1  3 5 6

1 2 4  8 3 5  7 6 9
8 5 7  2 9 6  1 4 3
3 6 9  4 1 7  8 2 5

5 9 3  1 8 2  6 7 4
6 8 2  3 7 4  5 9 1
7 4 1  6 5 9  2 3 8
Answer: 82
4 3 6  5 2 8  9 1 7
9 1 5  7 6 3  4 8 2
2 7 8  9 4 1  3 5 6

1 6 4  8 3 5  7 2 9
8 5 7  2 9 6  1 4 3
3 2 9  4 1 7  8 6 5

5 9 3  1 8 2  6 7 4
6 8 2  3 7 4  5 9 1
7 4 1  6 5 9  2 3 8
Answer: 83
4 3 6  5 2 8  9 1 7
9 1 5  7 6 3  4 8 2
2 7 8  9 4 1  3 6 5

1 6 4  8 3 5  7 2 9
8 5 7  2 9 6  1 4 3
3 2 9  4 1 7  8 5 6

5 9 3  1 8 2  6 7 4
6 8 2  3 7 4  5 9 1
7 4 1  6 5 9  2 3 8
Answer: 84
4 3 6  5 2 8  9 1 7
9 1 5  7 6 3  4 2 8
2 7 8  9 4 1  3 5 6

1 6 4  8 3 5  7 9 2
8 5 7  2 9 6  1 4 3
3 2 9  4 1 7  8 6 5

5 4 3  1 8 2  6 7 9
6 9 2  3 7 4  5 8 1
7 8 1  6 5 9  2 3 4
Answer: 85
4 3 6  5 2 8  9 1 7
9 1 5  7 6 3  4 2 8
2 7 8  9 4 1  3 5 6

1 6 4  8 3 5  7 9 2
8 5 7  2 9 6  1 3 4
3 2 9  4 1 7  8 6 5

5 4 3  1 8 2  6 7 9
6 9 2  3 7 4  5 8 1
7 8 1  6 5 9  2 4 3
Answer: 86
4 3 6  5 2 8  9 1 7
9 1 5  7 6 3  4 2 8
2 7 8  9 4 1  3 6 5

1 6 4  8 3 5  7 9 2
8 5 7  2 9 6  1 4 3
3 2 9  4 1 7  8 5 6

5 4 3  1 8 2  6 7 9
6 9 2  3 7 4  5 8 1
7 8 1  6 5 9  2 3 4
Answer: 87
4 3 6  5 2 8  9 1 7
9 1 5  7 6 3  4 2 8
2 7 8  9 4 1  3 6 5

1 2 4  8 3 5  7 9 6
8 5 7  2 9 6  1 4 3
3 6 9  4 1 7  8 5 2

5 4 3  1 8 2  6 7 9
6 9 2  3 7 4  5 8 1
7 8 1  6 5 9  2 3 4
Answer: 88
4 3 6  5 2 8  9 1 7
9 1 5  7 6 3  4 2 8
2 7 8  9 4 1  3 6 5

1 2 4  8 3 5  7 9 6
8 5 7  2 9 6  1 3 4
3 6 9  4 1 7  8 5 2

5 4 3  1 8 2  6 7 9
6 9 2  3 7 4  5 8 1
7 8 1  6 5 9  2 4 3
Answer: 89
4 3 6  5 2 8  9 1 7
9 1 5  7 6 3  4 2 8
2 7 8  9 4 1  3 6 5

1 6 4  8 3 5  7 9 2
8 5 7  2 9 6  1 3 4
3 2 9  4 1 7  8 5 6

5 4 3  1 8 2  6 7 9
6 9 2  3 7 4  5 8 1
7 8 1  6 5 9  2 4 3
Answer: 90
3 4 6  5 2 8  9 1 7
9 1 5  7 6 3  4 2 8
2 7 8  9 4 1  3 5 6

1 2 4  8 3 5  7 6 9
8 3 7  2 9 6  1 4 5
5 6 9  4 1 7  8 3 2

7 5 3  1 8 2  6 9 4
6 9 2  3 7 4  5 8 1
4 8 1  6 5 9  2 7 3
Answer: 91
3 4 6  5 2 8  9 1 7
9 1 5  7 6 3  4 2 8
2 7 8  9 4 1  3 5 6

1 6 4  8 3 5  7 9 2
8 3 7  2 9 6  1 4 5
5 2 9  4 1 7  8 6 3

4 5 3  1 8 2  6 7 9
6 9 2  3 7 4  5 8 1
7 8 1  6 5 9  2 3 4
Answer: 92
3 4 6  5 2 8  9 1 7
9 1 5  7 6 3  4 2 8
2 7 8  9 4 1  3 6 5

1 2 4  8 3 5  7 9 6
8 3 7  2 9 6  1 5 4
5 6 9  4 1 7  8 3 2

7 5 3  1 8 2  6 4 9
6 9 2  3 7 4  5 8 1
4 8 1  6 5 9  2 7 3
Answer: 93
3 4 6  5 2 8  9 1 7
9 1 5  7 6 3  4 2 8
2 7 8  9 4 1  3 6 5

1 2 4  8 3 5  7 9 6
8 3 7  2 9 6  1 5 4
5 6 9  4 1 7  8 3 2

4 5 3  1 8 2  6 7 9
6 9 2  3 7 4  5 8 1
7 8 1  6 5 9  2 4 3
Answer: 94
3 4 6  5 2 8  9 1 7
9 1 5  7 6 3  4 2 8
2 7 8  9 4 1  3 6 5

1 6 4  8 3 5  7 9 2
8 3 7  2 9 6  1 5 4
5 2 9  4 1 7  8 3 6

7 5 3  1 8 2  6 4 9
6 9 2  3 7 4  5 8 1
4 8 1  6 5 9  2 7 3
Answer: 95
3 4 6  5 2 8  9 1 7
9 1 5  7 6 3  4 2 8
2 7 8  9 4 1  3 6 5

1 6 4  8 3 5  7 9 2
8 3 7  2 9 6  1 5 4
5 2 9  4 1 7  8 3 6

4 5 3  1 8 2  6 7 9
6 9 2  3 7 4  5 8 1
7 8 1  6 5 9  2 4 3
Answer: 96
4 3 6  5 2 8  9 1 7
1 9 5  7 6 3  4 2 8
2 7 8  9 4 1  3 5 6

6 1 4  8 3 5  7 9 2
5 8 7  2 9 6  1 3 4
3 2 9  4 1 7  8 6 5

7 5 3  1 8 2  6 4 9
9 6 2  3 7 4  5 8 1
8 4 1  6 5 9  2 7 3
Answer: 97
4 3 6  5 2 8  9 1 7
1 9 5  7 6 3  4 2 8
2 7 8  9 4 1  3 6 5

6 1 4  8 3 5  7 9 2
5 8 7  2 9 6  1 3 4
3 2 9  4 1 7  8 5 6

7 5 3  1 8 2  6 4 9
9 6 2  3 7 4  5 8 1
8 4 1  6 5 9  2 7 3
Answer: 98
4 3 6  5 2 8  9 1 7
1 9 5  7 6 3  4 2 8
2 7 8  9 4 1  3 6 5

6 1 4  8 3 5  7 9 2
3 8 7  2 9 6  1 5 4
5 2 9  4 1 7  8 3 6

7 5 3  1 8 2  6 4 9
9 6 2  3 7 4  5 8 1
8 4 1  6 5 9  2 7 3
Answer: 99
4 3 6  5 2 8  9 1 7
1 9 5  7 6 3  4 8 2
2 7 8  9 4 1  3 6 5

6 1 4  8 3 5  7 2 9
5 8 7  2 9 6  1 4 3
3 2 9  4 1 7  8 5 6

9 5 3  1 8 2  6 7 4
8 6 2  3 7 4  5 9 1
7 4 1  6 5 9  2 3 8
Answer: 100
4 3 6  5 2 8  9 1 7
1 9 5  7 6 3  4 8 2
2 7 8  9 4 1  3 5 6

6 1 4  8 3 5  7 2 9
5 8 7  2 9 6  1 4 3
3 2 9  4 1 7  8 6 5

9 5 3  1 8 2  6 7 4
8 6 2  3 7 4  5 9 1
7 4 1  6 5 9  2 3 8
Answer: 101
4 3 6  5 2 8  9 1 7
1 9 5  7 6 3  4 8 2
2 7 8  9 4 1  3 5 6

6 1 4  8 3 5  7 2 9
3 8 7  2 9 6  1 4 5
5 2 9  4 1 7  8 6 3

9 5 3  1 8 2  6 7 4
8 6 2  3 7 4  5 9 1
7 4 1  6 5 9  2 3 8
Answer: 102
3 4 6  5 2 8  9 1 7
1 9 5  7 6 3  4 2 8
2 7 8  9 4 1  3 5 6

6 1 4  8 3 5  7 9 2
8 3 7  2 9 6  1 4 5
5 2 9  4 1 7  8 6 3

4 5 3  1 8 2  6 7 9
9 6 2  3 7 4  5 8 1
7 8 1  6 5 9  2 3 4
Answer: 103
3 4 6  5 2 8  9 1 7
1 9 5  7 6 3  4 2 8
2 7 8  9 4 1  3 6 5

6 1 4  8 3 5  7 9 2
8 3 7  2 9 6  1 5 4
5 2 9  4 1 7  8 3 6

4 5 3  1 8 2  6 7 9
9 6 2  3 7 4  5 8 1
7 8 1  6 5 9  2 4 3
Answer: 104
3 4 6  5 2 8  9 1 7
1 9 5  7 6 3  4 2 8
2 7 8  9 4 1  3 6 5

6 1 4  8 3 5  7 9 2
8 3 7  2 9 6  1 5 4
5 2 9  4 1 7  8 3 6

7 5 3  1 8 2  6 4 9
9 6 2  3 7 4  5 8 1
4 8 1  6 5 9  2 7 3
Answer: 105
4 3 6  5 2 8  9 1 7
1 9 5  7 6 3  4 2 8
2 7 8  9 4 1  3 5 6

6 1 4  8 3 5  7 9 2
8 5 7  2 9 6  1 4 3
3 2 9  4 1 7  8 6 5

5 4 3  1 8 2  6 7 9
9 6 2  3 7 4  5 8 1
7 8 1  6 5 9  2 3 4
Answer: 106
4 3 6  5 2 8  9 1 7
1 9 5  7 6 3  4 2 8
2 7 8  9 4 1  3 6 5

6 1 4  8 3 5  7 9 2
8 5 7  2 9 6  1 4 3
3 2 9  4 1 7  8 5 6

5 4 3  1 8 2  6 7 9
9 6 2  3 7 4  5 8 1
7 8 1  6 5 9  2 3 4
Answer: 107
4 3 6  5 2 8  9 1 7
1 9 5  7 6 3  4 2 8
2 7 8  9 4 1  3 5 6

6 1 4  8 3 5  7 9 2
8 5 7  2 9 6  1 3 4
3 2 9  4 1 7  8 6 5

5 4 3  1 8 2  6 7 9
9 6 2  3 7 4  5 8 1
7 8 1  6 5 9  2 4 3
Answer: 108
4 3 6  5 2 8  9 1 7
1 9 5  7 6 3  4 2 8
2 7 8  9 4 1  3 6 5

6 1 4  8 3 5  7 9 2
8 5 7  2 9 6  1 3 4
3 2 9  4 1 7  8 5 6

5 4 3  1 8 2  6 7 9
9 6 2  3 7 4  5 8 1
7 8 1  6 5 9  2 4 3
Answer: 109
3 4 6  5 2 8  9 1 7
9 1 5  7 6 3  4 2 8
7 2 8  9 4 1  3 6 5

1 6 4  8 3 5  7 9 2
5 8 7  2 9 6  1 4 3
2 3 9  4 1 7  8 5 6

4 5 3  1 8 2  6 7 9
6 9 2  3 7 4  5 8 1
8 7 1  6 5 9  2 3 4
Answer: 110
3 4 6  5 2 8  9 1 7
9 1 5  7 6 3  4 8 2
7 2 8  9 4 1  3 6 5

1 6 4  8 3 5  7 2 9
8 5 7  2 9 6  1 4 3
2 3 9  4 1 7  8 5 6

5 9 3  1 8 2  6 7 4
6 8 2  3 7 4  5 9 1
4 7 1  6 5 9  2 3 8
Answer: 111
3 4 6  5 2 8  9 1 7
1 9 5  7 6 3  4 2 8
7 2 8  9 4 1  3 6 5

2 1 4  8 3 5  7 9 6
5 8 7  2 9 6  1 4 3
6 3 9  4 1 7  8 5 2

4 5 3  1 8 2  6 7 9
9 6 2  3 7 4  5 8 1
8 7 1  6 5 9  2 3 4
Answer: 112
3 4 6  5 2 8  9 1 7
1 9 5  7 6 3  4 2 8
7 2 8  9 4 1  3 6 5

6 1 4  8 3 5  7 9 2
5 8 7  2 9 6  1 4 3
2 3 9  4 1 7  8 5 6

4 5 3  1 8 2  6 7 9
9 6 2  3 7 4  5 8 1
8 7 1  6 5 9  2 3 4
Answer: 113
3 4 6  5 2 8  9 1 7
1 9 5  7 6 3  4 8 2
7 2 8  9 4 1  3 6 5

6 1 4  8 3 5  7 2 9
5 8 7  2 9 6  1 4 3
2 3 9  4 1 7  8 5 6

9 5 3  1 8 2  6 7 4
8 6 2  3 7 4  5 9 1
4 7 1  6 5 9  2 3 8
Answer: 114
4 3 6  5 2 8  9 1 7
9 1 5  7 6 3  4 2 8
7 2 8  9 4 1  3 6 5

1 6 4  8 3 5  7 9 2
3 8 7  2 9 6  1 5 4
2 5 9  4 1 7  8 3 6

5 7 3  1 8 2  6 4 9
6 9 2  3 7 4  5 8 1
8 4 1  6 5 9  2 7 3
Answer: 115
4 3 6  5 2 8  9 1 7
9 1 5  7 6 3  4 2 8
7 2 8  9 4 1  3 6 5

1 6 4  8 3 5  7 9 2
3 8 7  2 9 6  1 5 4
2 5 9  4 1 7  8 3 6

5 4 3  1 8 2  6 7 9
6 9 2  3 7 4  5 8 1
8 7 1  6 5 9  2 4 3
Answer: 116
4 3 6  5 2 8  9 1 7
1 9 5  7 6 3  4 2 8
7 2 8  9 4 1  3 6 5

6 1 4  8 3 5  7 9 2
3 8 7  2 9 6  1 5 4
2 5 9  4 1 7  8 3 6

5 7 3  1 8 2  6 4 9
9 6 2  3 7 4  5 8 1
8 4 1  6 5 9  2 7 3
Answer: 117
4 3 6  5 2 8  9 1 7
1 9 5  7 6 3  4 2 8
7 2 8  9 4 1  3 6 5

6 1 4  8 3 5  7 9 2
3 8 7  2 9 6  1 5 4
2 5 9  4 1 7  8 3 6

5 4 3  1 8 2  6 7 9
9 6 2  3 7 4  5 8 1
8 7 1  6 5 9  2 4 3
Answer: 118
4 3 6  5 2 8  9 1 7
1 9 5  7 6 3  4 2 8
7 2 8  9 4 1  3 6 5

2 1 4  8 3 5  7 9 6
3 8 7  2 9 6  1 5 4
6 5 9  4 1 7  8 3 2

5 7 3  1 8 2  6 4 9
9 6 2  3 7 4  5 8 1
8 4 1  6 5 9  2 7 3
Answer: 119
4 3 6  5 2 8  9 1 7
1 9 5  7 6 3  4 2 8
7 2 8  9 4 1  3 6 5

2 1 4  8 3 5  7 9 6
3 8 7  2 9 6  1 5 4
6 5 9  4 1 7  8 3 2

5 4 3  1 8 2  6 7 9
9 6 2  3 7 4  5 8 1
8 7 1  6 5 9  2 4 3
Answer: 120
3 4 6  5 2 8  9 1 7
9 1 5  7 6 3  4 2 8
7 2 8  9 4 1  3 6 5

1 6 4  8 3 5  7 9 2
5 8 7  2 9 6  1 3 4
2 3 9  4 1 7  8 5 6

4 5 3  1 8 2  6 7 9
6 9 2  3 7 4  5 8 1
8 7 1  6 5 9  2 4 3
Answer: 121
3 4 6  5 2 8  9 1 7
1 9 5  7 6 3  4 2 8
7 2 8  9 4 1  3 6 5

6 1 4  8 3 5  7 9 2
5 8 7  2 9 6  1 3 4
2 3 9  4 1 7  8 5 6

4 5 3  1 8 2  6 7 9
9 6 2  3 7 4  5 8 1
8 7 1  6 5 9  2 4 3
Answer: 122
3 4 6  5 2 8  9 1 7
1 9 5  7 6 3  4 2 8
7 2 8  9 4 1  3 6 5

2 1 4  8 3 5  7 9 6
5 8 7  2 9 6  1 3 4
6 3 9  4 1 7  8 5 2

4 5 3  1 8 2  6 7 9
9 6 2  3 7 4  5 8 1
8 7 1  6 5 9  2 4 3
Answer: 123
3 4 6  5 2 8  9 1 7
9 1 5  7 6 3  4 2 8
7 2 8  9 4 1  3 6 5

1 6 4  8 3 5  7 9 2
8 5 7  2 9 6  1 3 4
2 3 9  4 1 7  8 5 6

5 7 3  1 8 2  6 4 9
6 9 2  3 7 4  5 8 1
4 8 1  6 5 9  2 7 3
Answer: 124
3 4 6  5 2 8  9 1 7
9 1 5  7 6 3  4 2 8
7 2 8  9 4 1  3 6 5

1 6 4  8 3 5  7 9 2
8 3 7  2 9 6  1 5 4
2 5 9  4 1 7  8 3 6

5 7 3  1 8 2  6 4 9
6 9 2  3 7 4  5 8 1
4 8 1  6 5 9  2 7 3
Answer: 125
3 4 6  5 2 8  9 1 7
1 9 5  7 6 3  4 2 8
7 2 8  9 4 1  3 6 5

6 1 4  8 3 5  7 9 2
8 5 7  2 9 6  1 3 4
2 3 9  4 1 7  8 5 6

5 7 3  1 8 2  6 4 9
9 6 2  3 7 4  5 8 1
4 8 1  6 5 9  2 7 3
Answer: 126
3 4 6  5 2 8  9 1 7
1 9 5  7 6 3  4 2 8
7 2 8  9 4 1  3 6 5

2 1 4  8 3 5  7 9 6
8 5 7  2 9 6  1 3 4
6 3 9  4 1 7  8 5 2

5 7 3  1 8 2  6 4 9
9 6 2  3 7 4  5 8 1
4 8 1  6 5 9  2 7 3
Answer: 127
3 4 6  5 2 8  9 1 7
1 9 5  7 6 3  4 2 8
7 2 8  9 4 1  3 6 5

6 1 4  8 3 5  7 9 2
8 3 7  2 9 6  1 5 4
2 5 9  4 1 7  8 3 6

5 7 3  1 8 2  6 4 9
9 6 2  3 7 4  5 8 1
4 8 1  6 5 9  2 7 3
Answer: 128
3 4 6  5 2 8  9 1 7
1 9 5  7 6 3  4 2 8
7 2 8  9 4 1  3 6 5

2 1 4  8 3 5  7 9 6
8 3 7  2 9 6  1 5 4
6 5 9  4 1 7  8 3 2

5 7 3  1 8 2  6 4 9
9 6 2  3 7 4  5 8 1
4 8 1  6 5 9  2 7 3
Answer: 129
3 4 6  5 2 8  9 1 7
9 1 5  7 6 3  4 2 8
7 2 8  9 4 1  3 5 6

1 6 4  8 3 5  7 9 2
5 8 7  2 9 6  1 4 3
2 3 9  4 1 7  8 6 5

4 5 3  1 8 2  6 7 9
6 9 2  3 7 4  5 8 1
8 7 1  6 5 9  2 3 4
Answer: 130
3 4 6  5 2 8  9 1 7
1 9 5  7 6 3  4 2 8
7 2 8  9 4 1  3 5 6

6 1 4  8 3 5  7 9 2
5 8 7  2 9 6  1 4 3
2 3 9  4 1 7  8 6 5

4 5 3  1 8 2  6 7 9
9 6 2  3 7 4  5 8 1
8 7 1  6 5 9  2 3 4
Answer: 131
4 3 6  5 2 8  9 1 7
9 1 5  7 6 3  4 2 8
7 2 8  9 4 1  3 5 6

1 6 4  8 3 5  7 9 2
3 8 7  2 9 6  1 4 5
2 5 9  4 1 7  8 6 3

5 4 3  1 8 2  6 7 9
6 9 2  3 7 4  5 8 1
8 7 1  6 5 9  2 3 4
Answer: 132
4 3 6  5 2 8  9 1 7
1 9 5  7 6 3  4 2 8
7 2 8  9 4 1  3 5 6

6 1 4  8 3 5  7 9 2
3 8 7  2 9 6  1 4 5
2 5 9  4 1 7  8 6 3

5 4 3  1 8 2  6 7 9
9 6 2  3 7 4  5 8 1
8 7 1  6 5 9  2 3 4
Answer: 133
3 4 6  5 2 8  9 1 7
9 1 5  7 6 3  4 8 2
7 2 8  9 4 1  3 5 6

1 6 4  8 3 5  7 2 9
8 3 7  2 9 6  1 4 5
2 5 9  4 1 7  8 6 3

5 9 3  1 8 2  6 7 4
6 8 2  3 7 4  5 9 1
4 7 1  6 5 9  2 3 8
Answer: 134
3 4 6  5 2 8  9 1 7
9 1 5  7 6 3  4 8 2
7 2 8  9 4 1  3 5 6

1 6 4  8 3 5  7 2 9
8 5 7  2 9 6  1 4 3
2 3 9  4 1 7  8 6 5

5 9 3  1 8 2  6 7 4
6 8 2  3 7 4  5 9 1
4 7 1  6 5 9  2 3 8
Answer: 135
3 4 6  5 2 8  9 1 7
1 9 5  7 6 3  4 2 8
7 2 8  9 4 1  3 5 6

2 1 4  8 3 5  7 6 9
8 3 7  2 9 6  1 4 5
5 6 9  4 1 7  8 3 2

9 5 3  1 8 2  6 7 4
6 8 2  3 7 4  5 9 1
4 7 1  6 5 9  2 8 3
Answer: 136
3 4 6  5 2 8  9 1 7
1 9 5  7 6 3  4 2 8
7 2 8  9 4 1  3 5 6

2 1 4  8 3 5  7 6 9
8 3 7  2 9 6  1 4 5
6 5 9  4 1 7  8 3 2

5 7 3  1 8 2  6 9 4
9 6 2  3 7 4  5 8 1
4 8 1  6 5 9  2 7 3
Answer: 137
4 3 6  5 2 8  9 1 7
1 9 5  7 6 3  4 2 8
7 2 8  9 4 1  3 5 6

2 1 4  8 3 5  7 6 9
3 8 7  2 9 6  1 4 5
6 5 9  4 1 7  8 3 2

5 7 3  1 8 2  6 9 4
9 6 2  3 7 4  5 8 1
8 4 1  6 5 9  2 7 3
Answer: 138
3 4 6  5 2 8  9 1 7
1 9 5  7 6 3  4 8 2
7 2 8  9 4 1  3 5 6

2 1 4  8 3 5  7 6 9
8 3 7  2 9 6  1 4 5
5 6 9  4 1 7  8 2 3

9 5 3  1 8 2  6 7 4
6 8 2  3 7 4  5 9 1
4 7 1  6 5 9  2 3 8
Answer: 139
3 4 6  5 2 8  9 1 7
1 9 5  7 6 3  4 8 2
7 2 8  9 4 1  3 5 6

6 1 4  8 3 5  7 2 9
5 8 7  2 9 6  1 4 3
2 3 9  4 1 7  8 6 5

9 5 3  1 8 2  6 7 4
8 6 2  3 7 4  5 9 1
4 7 1  6 5 9  2 3 8
Answer: 140
3 4 6  5 2 8  9 1 7
1 9 5  7 6 3  4 8 2
7 2 8  9 4 1  3 5 6

2 1 4  8 3 5  7 6 9
5 8 7  2 9 6  1 4 3
6 3 9  4 1 7  8 2 5

9 5 3  1 8 2  6 7 4
8 6 2  3 7 4  5 9 1
4 7 1  6 5 9  2 3 8
Answer: 141
3 4 6  5 2 8  9 1 7
9 1 5  7 6 3  4 2 8
7 2 8  9 4 1  3 5 6

1 6 4  8 3 5  7 9 2
8 5 7  2 9 6  1 3 4
2 3 9  4 1 7  8 6 5

5 7 3  1 8 2  6 4 9
6 9 2  3 7 4  5 8 1
4 8 1  6 5 9  2 7 3
Answer: 142
3 4 6  5 2 8  9 1 7
9 1 5  7 6 3  4 2 8
7 2 8  9 4 1  3 5 6

1 6 4  8 3 5  7 9 2
5 8 7  2 9 6  1 3 4
2 3 9  4 1 7  8 6 5

4 5 3  1 8 2  6 7 9
6 9 2  3 7 4  5 8 1
8 7 1  6 5 9  2 4 3
Answer: 143
3 4 6  5 2 8  9 1 7
1 9 5  7 6 3  4 2 8
7 2 8  9 4 1  3 5 6

6 1 4  8 3 5  7 9 2
8 5 7  2 9 6  1 3 4
2 3 9  4 1 7  8 6 5

5 7 3  1 8 2  6 4 9
9 6 2  3 7 4  5 8 1
4 8 1  6 5 9  2 7 3
Answer: 144
3 4 6  5 2 8  9 1 7
1 9 5  7 6 3  4 2 8
7 2 8  9 4 1  3 5 6

6 1 4  8 3 5  7 9 2
5 8 7  2 9 6  1 3 4
2 3 9  4 1 7  8 6 5

4 5 3  1 8 2  6 7 9
9 6 2  3 7 4  5 8 1
8 7 1  6 5 9  2 4 3
Answer: 145
4 3 6  5 2 8  9 7 1
1 9 5  7 6 3  4 2 8
2 7 8  9 4 1  3 6 5

6 1 4  8 3 5  7 9 2
8 5 7  2 9 6  1 3 4
3 2 9  4 1 7  8 5 6

9 6 3  1 8 2  5 4 7
5 8 2  3 7 4  6 1 9
7 4 1  6 5 9  2 8 3
Answer: 146
4 3 6  5 2 8  9 7 1
1 9 5  7 6 3  4 2 8
2 7 8  9 4 1  3 5 6

6 1 4  8 3 5  7 9 2
8 5 7  2 9 6  1 3 4
3 2 9  4 1 7  8 6 5

9 6 3  1 8 2  5 4 7
5 8 2  3 7 4  6 1 9
7 4 1  6 5 9  2 8 3
Answer: 147
4 3 6  5 2 8  9 7 1
9 1 5  7 6 3  4 2 8
2 7 8  9 4 1  3 6 5

1 6 4  8 3 5  7 9 2
8 5 7  2 9 6  1 3 4
3 2 9  4 1 7  8 5 6

6 9 3  1 8 2  5 4 7
5 8 2  3 7 4  6 1 9
7 4 1  6 5 9  2 8 3
Answer: 148
4 3 6  5 2 8  9 7 1
9 1 5  7 6 3  4 2 8
2 7 8  9 4 1  3 6 5

1 2 4  8 3 5  7 9 6
8 5 7  2 9 6  1 3 4
3 6 9  4 1 7  8 5 2

6 9 3  1 8 2  5 4 7
5 8 2  3 7 4  6 1 9
7 4 1  6 5 9  2 8 3
Answer: 149
4 3 6  5 2 8  9 7 1
9 1 5  7 6 3  4 2 8
2 7 8  9 4 1  3 5 6

1 6 4  8 3 5  7 9 2
8 5 7  2 9 6  1 3 4
3 2 9  4 1 7  8 6 5

6 9 3  1 8 2  5 4 7
5 8 2  3 7 4  6 1 9
7 4 1  6 5 9  2 8 3
Answer: 150
4 3 6  5 2 8  9 7 1
1 9 5  7 6 3  4 2 8
2 7 8  9 4 1  3 6 5

6 1 4  8 3 5  7 9 2
3 8 7  2 9 6  1 5 4
5 2 9  4 1 7  8 3 6

9 6 3  1 8 2  5 4 7
8 5 2  3 7 4  6 1 9
7 4 1  6 5 9  2 8 3
Answer: 151
4 3 6  5 2 8  9 7 1
1 9 5  7 6 3  4 2 8
2 7 8  9 4 1  3 6 5

6 1 4  8 3 5  7 9 2
5 8 7  2 9 6  1 3 4
3 2 9  4 1 7  8 5 6

9 6 3  1 8 2  5 4 7
8 5 2  3 7 4  6 1 9
7 4 1  6 5 9  2 8 3
Answer: 152
4 3 6  5 2 8  9 7 1
9 1 5  7 6 3  4 2 8
2 7 8  9 4 1  3 6 5

1 2 4  8 3 5  7 9 6
5 8 7  2 9 6  1 3 4
3 6 9  4 1 7  8 5 2

6 9 3  1 8 2  5 4 7
8 5 2  3 7 4  6 1 9
7 4 1  6 5 9  2 8 3
Answer: 153
4 3 6  5 2 8  9 7 1
9 1 5  7 6 3  4 2 8
2 7 8  9 4 1  3 6 5

1 2 4  8 3 5  7 9 6
3 8 7  2 9 6  1 5 4
5 6 9  4 1 7  8 3 2

6 9 3  1 8 2  5 4 7
8 5 2  3 7 4  6 1 9
7 4 1  6 5 9  2 8 3
Answer: 154
4 3 6  5 2 8  9 7 1
9 1 5  7 6 3  4 2 8
2 7 8  9 4 1  3 6 5

1 6 4  8 3 5  7 9 2
5 8 7  2 9 6  1 3 4
3 2 9  4 1 7  8 5 6

6 9 3  1 8 2  5 4 7
8 5 2  3 7 4  6 1 9
7 4 1  6 5 9  2 8 3
Answer: 155
4 3 6  5 2 8  9 7 1
9 1 5  7 6 3  4 2 8
2 7 8  9 4 1  3 6 5

1 6 4  8 3 5  7 9 2
3 8 7  2 9 6  1 5 4
5 2 9  4 1 7  8 3 6

6 9 3  1 8 2  5 4 7
8 5 2  3 7 4  6 1 9
7 4 1  6 5 9  2 8 3
Answer: 156
4 3 6  5 2 8  9 7 1
1 9 5  7 6 3  4 2 8
2 7 8  9 4 1  3 5 6

6 1 4  8 3 5  7 9 2
5 8 7  2 9 6  1 3 4
3 2 9  4 1 7  8 6 5

9 6 3  1 8 2  5 4 7
8 5 2  3 7 4  6 1 9
7 4 1  6 5 9  2 8 3
Answer: 157
4 3 6  5 2 8  9 7 1
9 1 5  7 6 3  4 2 8
2 7 8  9 4 1  3 5 6

1 6 4  8 3 5  7 9 2
5 8 7  2 9 6  1 3 4
3 2 9  4 1 7  8 6 5

6 9 3  1 8 2  5 4 7
8 5 2  3 7 4  6 1 9
7 4 1  6 5 9  2 8 3
Answer: 158
3 4 6  5 2 8  9 7 1
1 9 5  7 6 3  4 8 2
2 7 8  9 4 1  3 6 5

6 1 4  8 3 5  7 2 9
8 3 7  2 9 6  1 5 4
5 2 9  4 1 7  8 3 6

4 6 3  1 8 2  5 9 7
9 5 2  3 7 4  6 1 8
7 8 1  6 5 9  2 4 3
Answer: 159
4 3 6  5 2 8  9 7 1
1 9 5  7 6 3  4 8 2
2 7 8  9 4 1  3 6 5

6 1 4  8 3 5  7 2 9
5 8 7  2 9 6  1 4 3
3 2 9  4 1 7  8 5 6

7 6 3  1 8 2  5 9 4
9 5 2  3 7 4  6 1 8
8 4 1  6 5 9  2 3 7
Answer: 160
4 3 6  5 2 8  9 7 1
1 9 5  7 6 3  4 8 2
2 7 8  9 4 1  3 5 6

6 1 4  8 3 5  7 2 9
3 8 7  2 9 6  1 4 5
5 2 9  4 1 7  8 6 3

7 6 3  1 8 2  5 9 4
9 5 2  3 7 4  6 1 8
8 4 1  6 5 9  2 3 7
Answer: 161
4 3 6  5 2 8  9 7 1
1 9 5  7 6 3  4 8 2
2 7 8  9 4 1  3 5 6

6 1 4  8 3 5  7 2 9
5 8 7  2 9 6  1 4 3
3 2 9  4 1 7  8 6 5

7 6 3  1 8 2  5 9 4
9 5 2  3 7 4  6 1 8
8 4 1  6 5 9  2 3 7
Answer: 162
3 4 6  5 2 8  9 7 1
1 9 5  7 6 3  4 8 2
2 7 8  9 4 1  3 5 6

6 1 4  8 3 5  7 2 9
8 3 7  2 9 6  1 4 5
5 2 9  4 1 7  8 6 3

7 6 3  1 8 2  5 9 4
9 5 2  3 7 4  6 1 8
4 8 1  6 5 9  2 3 7
Answer: 163
3 4 6  5 2 8  9 7 1
1 9 5  7 6 3  4 8 2
2 7 8  9 4 1  3 5 6

6 1 4  8 3 5  7 2 9
8 3 7  2 9 6  1 4 5
5 2 9  4 1 7  8 6 3

4 6 3  1 8 2  5 9 7
9 5 2  3 7 4  6 1 8
7 8 1  6 5 9  2 3 4
Answer: 164
4 3 6  5 2 8  9 7 1
9 1 5  7 6 3  4 8 2
2 7 8  9 4 1  3 6 5

1 2 4  8 3 5  7 9 6
3 8 7  2 9 6  1 5 4
5 6 9  4 1 7  8 2 3

6 9 3  1 8 2  5 4 7
8 5 2  3 7 4  6 1 9
7 4 1  6 5 9  2 3 8
Answer: 165
4 3 6  5 2 8  9 7 1
9 1 5  7 6 3  4 8 2
2 7 8  9 4 1  3 6 5

1 2 4  8 3 5  7 9 6
3 8 7  2 9 6  1 5 4
6 5 9  4 1 7  8 2 3

7 6 3  1 8 2  5 4 9
5 9 2  3 7 4  6 1 8
8 4 1  6 5 9  2 3 7
Answer: 166
3 4 6  5 2 8  9 7 1
9 1 5  7 6 3  4 8 2
2 7 8  9 4 1  3 6 5

1 2 4  8 3 5  7 9 6
8 3 7  2 9 6  1 5 4
6 5 9  4 1 7  8 2 3

7 6 3  1 8 2  5 4 9
5 9 2  3 7 4  6 1 8
4 8 1  6 5 9  2 3 7
Answer: 167
4 3 6  5 2 8  9 7 1
9 1 5  7 6 3  4 8 2
2 7 8  9 4 1  3 6 5

1 6 4  8 3 5  7 2 9
8 5 7  2 9 6  1 4 3
3 2 9  4 1 7  8 5 6

6 4 3  1 8 2  5 9 7
5 9 2  3 7 4  6 1 8
7 8 1  6 5 9  2 3 4
Answer: 168
4 3 6  5 2 8  9 7 1
9 1 5  7 6 3  4 8 2
2 7 8  9 4 1  3 5 6

1 2 4  8 3 5  7 6 9
8 5 7  2 9 6  1 4 3
3 6 9  4 1 7  8 2 5

6 4 3  1 8 2  5 9 7
5 9 2  3 7 4  6 1 8
7 8 1  6 5 9  2 3 4
Answer: 169
4 3 6  5 2 8  9 7 1
9 1 5  7 6 3  4 8 2
2 7 8  9 4 1  3 5 6

1 6 4  8 3 5  7 2 9
8 5 7  2 9 6  1 4 3
3 2 9  4 1 7  8 6 5

6 4 3  1 8 2  5 9 7
5 9 2  3 7 4  6 1 8
7 8 1  6 5 9  2 3 4
Answer: 170
4 3 6  5 2 8  9 7 1
9 1 5  7 6 3  4 8 2
2 7 8  9 4 1  3 5 6

1 2 4  8 3 5  7 6 9
3 8 7  2 9 6  1 4 5
6 5 9  4 1 7  8 2 3

7 6 3  1 8 2  5 9 4
5 9 2  3 7 4  6 1 8
8 4 1  6 5 9  2 3 7
Answer: 171
4 3 6  5 2 8  9 7 1
9 1 5  7 6 3  4 8 2
2 7 8  9 4 1  3 6 5

1 6 4  8 3 5  7 2 9
8 5 7  2 9 6  1 3 4
3 2 9  4 1 7  8 5 6

6 4 3  1 8 2  5 9 7
5 9 2  3 7 4  6 1 8
7 8 1  6 5 9  2 4 3
Answer: 172
4 3 6  5 2 8  9 7 1
9 1 5  7 6 3  4 8 2
2 7 8  9 4 1  3 5 6

1 2 4  8 3 5  7 6 9
8 5 7  2 9 6  1 3 4
3 6 9  4 1 7  8 2 5

6 4 3  1 8 2  5 9 7
5 9 2  3 7 4  6 1 8
7 8 1  6 5 9  2 4 3
Answer: 173
4 3 6  5 2 8  9 7 1
9 1 5  7 6 3  4 8 2
2 7 8  9 4 1  3 5 6

1 6 4  8 3 5  7 2 9
8 5 7  2 9 6  1 3 4
3 2 9  4 1 7  8 6 5

6 4 3  1 8 2  5 9 7
5 9 2  3 7 4  6 1 8
7 8 1  6 5 9  2 4 3
Answer: 174
3 4 6  5 2 8  9 7 1
9 1 5  7 6 3  4 8 2
2 7 8  9 4 1  3 5 6

1 2 4  8 3 5  7 6 9
8 3 7  2 9 6  1 4 5
6 5 9  4 1 7  8 2 3

7 6 3  1 8 2  5 9 4
5 9 2  3 7 4  6 1 8
4 8 1  6 5 9  2 3 7
Answer: 175
3 4 6  5 2 8  9 7 1
9 1 5  7 6 3  4 8 2
2 7 8  9 4 1  3 5 6

1 2 4  8 3 5  7 6 9
8 3 7  2 9 6  1 4 5
6 5 9  4 1 7  8 2 3

4 6 3  1 8 2  5 9 7
5 9 2  3 7 4  6 1 8
7 8 1  6 5 9  2 3 4
Answer: 176
3 4 6  5 2 8  9 7 1
9 1 5  7 6 3  4 8 2
2 7 8  9 4 1  3 5 6

1 2 4  8 3 5  7 6 9
8 5 7  2 9 6  1 4 3
6 3 9  4 1 7  8 2 5

7 6 3  1 8 2  5 9 4
5 9 2  3 7 4  6 1 8
4 8 1  6 5 9  2 3 7
Answer: 177
3 4 6  5 2 8  9 7 1
9 1 5  7 6 3  4 8 2
2 7 8  9 4 1  3 5 6

1 2 4  8 3 5  7 6 9
8 5 7  2 9 6  1 4 3
6 3 9  4 1 7  8 2 5

4 6 3  1 8 2  5 9 7
5 9 2  3 7 4  6 1 8
7 8 1  6 5 9  2 3 4
Answer: 178
3 4 6  5 2 8  9 7 1
9 1 5  7 6 3  4 8 2
2 7 8  9 4 1  3 5 6

1 2 4  8 3 5  7 6 9
8 5 7  2 9 6  1 3 4
6 3 9  4 1 7  8 2 5

4 6 3  1 8 2  5 9 7
5 9 2  3 7 4  6 1 8
7 8 1  6 5 9  2 4 3
Answer: 179
3 4 6  5 2 8  9 7 1
1 9 5  7 6 3  4 2 8
7 2 8  9 4 1  3 5 6

6 1 4  8 3 5  7 9 2
8 5 7  2 9 6  1 3 4
2 3 9  4 1 7  8 6 5

9 6 3  1 8 2  5 4 7
5 8 2  3 7 4  6 1 9
4 7 1  6 5 9  2 8 3
Answer: 180
3 4 6  5 2 8  9 7 1
1 9 5  7 6 3  4 2 8
7 2 8  9 4 1  3 6 5

2 1 4  8 3 5  7 9 6
8 3 7  2 9 6  1 5 4
6 5 9  4 1 7  8 3 2

9 6 3  1 8 2  5 4 7
5 8 2  3 7 4  6 1 9
4 7 1  6 5 9  2 8 3
Answer: 181
3 4 6  5 2 8  9 7 1
1 9 5  7 6 3  4 2 8
7 2 8  9 4 1  3 6 5

2 1 4  8 3 5  7 9 6
8 5 7  2 9 6  1 3 4
6 3 9  4 1 7  8 5 2

9 6 3  1 8 2  5 4 7
5 8 2  3 7 4  6 1 9
4 7 1  6 5 9  2 8 3
Answer: 182
3 4 6  5 2 8  9 7 1
1 9 5  7 6 3  4 2 8
7 2 8  9 4 1  3 6 5

6 1 4  8 3 5  7 9 2
8 3 7  2 9 6  1 5 4
2 5 9  4 1 7  8 3 6

9 6 3  1 8 2  5 4 7
5 8 2  3 7 4  6 1 9
4 7 1  6 5 9  2 8 3
Answer: 183
3 4 6  5 2 8  9 7 1
1 9 5  7 6 3  4 2 8
7 2 8  9 4 1  3 6 5

6 1 4  8 3 5  7 9 2
8 5 7  2 9 6  1 3 4
2 3 9  4 1 7  8 5 6

9 6 3  1 8 2  5 4 7
5 8 2  3 7 4  6 1 9
4 7 1  6 5 9  2 8 3
Answer: 184
3 4 6  5 2 8  9 7 1
1 9 5  7 6 3  4 2 8
7 2 8  9 4 1  3 5 6

6 1 4  8 3 5  7 9 2
5 8 7  2 9 6  1 3 4
2 3 9  4 1 7  8 6 5

9 6 3  1 8 2  5 4 7
8 5 2  3 7 4  6 1 9
4 7 1  6 5 9  2 8 3
Answer: 185
3 4 6  5 2 8  9 7 1
1 9 5  7 6 3  4 2 8
7 2 8  9 4 1  3 6 5

2 1 4  8 3 5  7 9 6
5 8 7  2 9 6  1 3 4
6 3 9  4 1 7  8 5 2

9 6 3  1 8 2  5 4 7
8 5 2  3 7 4  6 1 9
4 7 1  6 5 9  2 8 3
Answer: 186
3 4 6  5 2 8  9 7 1
1 9 5  7 6 3  4 2 8
7 2 8  9 4 1  3 6 5

6 1 4  8 3 5  7 9 2
5 8 7  2 9 6  1 3 4
2 3 9  4 1 7  8 5 6

9 6 3  1 8 2  5 4 7
8 5 2  3 7 4  6 1 9
4 7 1  6 5 9  2 8 3
Answer: 187
3 4 6  5 2 8  9 7 1
9 1 5  7 6 3  4 2 8
7 2 8  9 4 1  3 5 6

1 6 4  8 3 5  7 9 2
8 5 7  2 9 6  1 3 4
2 3 9  4 1 7  8 6 5

6 9 3  1 8 2  5 4 7
5 8 2  3 7 4  6 1 9
4 7 1  6 5 9  2 8 3
Answer: 188
3 4 6  5 2 8  9 7 1
9 1 5  7 6 3  4 2 8
7 2 8  9 4 1  3 5 6

1 6 4  8 3 5  7 9 2
5 8 7  2 9 6  1 3 4
2 3 9  4 1 7  8 6 5

6 9 3  1 8 2  5 4 7
8 5 2  3 7 4  6 1 9
4 7 1  6 5 9  2 8 3
Answer: 189
3 4 6  5 2 8  9 7 1
9 1 5  7 6 3  4 2 8
7 2 8  9 4 1  3 6 5

1 6 4  8 3 5  7 9 2
8 3 7  2 9 6  1 5 4
2 5 9  4 1 7  8 3 6

6 9 3  1 8 2  5 4 7
5 8 2  3 7 4  6 1 9
4 7 1  6 5 9  2 8 3
Answer: 190
3 4 6  5 2 8  9 7 1
9 1 5  7 6 3  4 2 8
7 2 8  9 4 1  3 6 5

1 6 4  8 3 5  7 9 2
8 5 7  2 9 6  1 3 4
2 3 9  4 1 7  8 5 6

6 9 3  1 8 2  5 4 7
5 8 2  3 7 4  6 1 9
4 7 1  6 5 9  2 8 3
Answer: 191
3 4 6  5 2 8  9 7 1
9 1 5  7 6 3  4 2 8
7 2 8  9 4 1  3 6 5

1 6 4  8 3 5  7 9 2
5 8 7  2 9 6  1 3 4
2 3 9  4 1 7  8 5 6

6 9 3  1 8 2  5 4 7
8 5 2  3 7 4  6 1 9
4 7 1  6 5 9  2 8 3
Answer: 192
3 4 6  5 2 8  9 7 1
1 9 5  7 6 3  4 8 2
7 2 8  9 4 1  3 5 6

6 1 4  8 3 5  7 2 9
5 8 7  2 9 6  1 3 4
2 3 9  4 1 7  8 6 5

4 6 3  1 8 2  5 9 7
9 5 2  3 7 4  6 1 8
8 7 1  6 5 9  2 4 3
Answer: 193
3 4 6  5 2 8  9 7 1
1 9 5  7 6 3  4 8 2
7 2 8  9 4 1  3 5 6

2 1 4  8 3 5  7 6 9
5 8 7  2 9 6  1 3 4
6 3 9  4 1 7  8 2 5

4 6 3  1 8 2  5 9 7
9 5 2  3 7 4  6 1 8
8 7 1  6 5 9  2 4 3
Answer: 194
3 4 6  5 2 8  9 7 1
1 9 5  7 6 3  4 8 2
7 2 8  9 4 1  3 6 5

6 1 4  8 3 5  7 2 9
5 8 7  2 9 6  1 3 4
2 3 9  4 1 7  8 5 6

4 6 3  1 8 2  5 9 7
9 5 2  3 7 4  6 1 8
8 7 1  6 5 9  2 4 3
Answer: 195
4 3 6  5 2 8  9 7 1
1 9 5  7 6 3  4 8 2
7 2 8  9 4 1  3 5 6

2 1 4  8 3 5  7 6 9
5 8 7  2 9 6  1 3 4
3 6 9  4 1 7  8 2 5

6 4 3  1 8 2  5 9 7
9 5 2  3 7 4  6 1 8
8 7 1  6 5 9  2 4 3
Answer: 196
4 3 6  5 2 8  9 7 1
9 1 5  7 6 3  4 8 2
7 2 8  9 4 1  3 6 5

1 6 4  8 3 5  7 2 9
3 8 7  2 9 6  1 5 4
2 5 9  4 1 7  8 3 6

6 4 3  1 8 2  5 9 7
5 9 2  3 7 4  6 1 8
8 7 1  6 5 9  2 4 3
Answer: 197
4 3 6  5 2 8  9 7 1
1 9 5  7 6 3  4 8 2
7 2 8  9 4 1  3 6 5

2 1 4  8 3 5  7 9 6
3 8 7  2 9 6  1 5 4
5 6 9  4 1 7  8 2 3

6 7 3  1 8 2  5 4 9
9 5 2  3 7 4  6 1 8
8 4 1  6 5 9  2 3 7
Answer: 198
3 4 6  5 2 8  9 7 1
1 9 5  7 6 3  4 8 2
7 2 8  9 4 1  3 6 5

2 1 4  8 3 5  7 9 6
8 3 7  2 9 6  1 5 4
6 5 9  4 1 7  8 2 3

9 6 3  1 8 2  5 4 7
5 8 2  3 7 4  6 1 9
4 7 1  6 5 9  2 3 8
Answer: 199
3 4 6  5 2 8  9 7 1
1 9 5  7 6 3  4 8 2
7 2 8  9 4 1  3 6 5

2 1 4  8 3 5  7 9 6
8 3 7  2 9 6  1 5 4
5 6 9  4 1 7  8 2 3

6 7 3  1 8 2  5 4 9
9 5 2  3 7 4  6 1 8
4 8 1  6 5 9  2 3 7
Answer: 200
3 4 6  5 2 8  9 7 1
1 9 5  7 6 3  4 8 2
7 2 8  9 4 1  3 6 5

6 1 4  8 3 5  7 2 9
5 8 7  2 9 6  1 4 3
2 3 9  4 1 7  8 5 6

4 6 3  1 8 2  5 9 7
9 5 2  3 7 4  6 1 8
8 7 1  6 5 9  2 3 4
Answer: 201
3 4 6  5 2 8  9 7 1
1 9 5  7 6 3  4 8 2
7 2 8  9 4 1  3 5 6

6 1 4  8 3 5  7 2 9
5 8 7  2 9 6  1 4 3
2 3 9  4 1 7  8 6 5

4 6 3  1 8 2  5 9 7
9 5 2  3 7 4  6 1 8
8 7 1  6 5 9  2 3 4
Answer: 202
3 4 6  5 2 8  9 7 1
1 9 5  7 6 3  4 8 2
7 2 8  9 4 1  3 5 6

2 1 4  8 3 5  7 6 9
5 8 7  2 9 6  1 4 3
6 3 9  4 1 7  8 2 5

4 6 3  1 8 2  5 9 7
9 5 2  3 7 4  6 1 8
8 7 1  6 5 9  2 3 4
Answer: 203
3 4 6  5 2 8  9 7 1
1 9 5  7 6 3  4 8 2
7 2 8  9 4 1  3 5 6

2 1 4  8 3 5  7 6 9
8 3 7  2 9 6  1 4 5
5 6 9  4 1 7  8 2 3

6 7 3  1 8 2  5 9 4
9 5 2  3 7 4  6 1 8
4 8 1  6 5 9  2 3 7
Answer: 204
3 4 6  5 2 8  9 7 1
9 1 5  7 6 3  4 8 2
7 2 8  9 4 1  3 5 6

1 6 4  8 3 5  7 2 9
8 3 7  2 9 6  1 4 5
2 5 9  4 1 7  8 6 3

6 7 3  1 8 2  5 9 4
5 9 2  3 7 4  6 1 8
4 8 1  6 5 9  2 3 7
Answer: 205
3 4 6  5 2 8  9 7 1
9 1 5  7 6 3  4 8 2
7 2 8  9 4 1  3 5 6

1 6 4  8 3 5  7 2 9
8 5 7  2 9 6  1 4 3
2 3 9  4 1 7  8 6 5

6 7 3  1 8 2  5 9 4
5 9 2  3 7 4  6 1 8
4 8 1  6 5 9  2 3 7
Answer: 206
3 4 6  5 2 8  9 7 1
9 1 5  7 6 3  4 8 2
7 2 8  9 4 1  3 6 5

1 6 4  8 3 5  7 2 9
8 5 7  2 9 6  1 4 3
2 3 9  4 1 7  8 5 6

6 7 3  1 8 2  5 9 4
5 9 2  3 7 4  6 1 8
4 8 1  6 5 9  2 3 7
Answer: 207
4 3 6  5 2 8  9 7 1
1 9 5  7 6 3  4 8 2
7 2 8  9 4 1  3 5 6

2 1 4  8 3 5  7 6 9
3 8 7  2 9 6  1 4 5
5 6 9  4 1 7  8 2 3

6 7 3  1 8 2  5 9 4
9 5 2  3 7 4  6 1 8
8 4 1  6 5 9  2 3 7
Answer: 208
4 3 6  5 2 8  9 7 1
1 9 5  7 6 3  4 8 2
7 2 8  9 4 1  3 5 6

2 1 4  8 3 5  7 6 9
3 8 7  2 9 6  1 4 5
5 6 9  4 1 7  8 2 3

6 4 3  1 8 2  5 9 7
9 5 2  3 7 4  6 1 8
8 7 1  6 5 9  2 3 4
Answer: 209
4 3 6  5 2 8  9 7 1
1 9 5  7 6 3  4 8 2
7 2 8  9 4 1  3 5 6

2 1 4  8 3 5  7 6 9
5 8 7  2 9 6  1 4 3
3 6 9  4 1 7  8 2 5

6 7 3  1 8 2  5 9 4
9 5 2  3 7 4  6 1 8
8 4 1  6 5 9  2 3 7
Answer: 210
4 3 6  5 2 8  9 7 1
1 9 5  7 6 3  4 8 2
7 2 8  9 4 1  3 5 6

2 1 4  8 3 5  7 6 9
5 8 7  2 9 6  1 4 3
3 6 9  4 1 7  8 2 5

6 4 3  1 8 2  5 9 7
9 5 2  3 7 4  6 1 8
8 7 1  6 5 9  2 3 4
Answer: 211
4 3 6  5 2 8  9 7 1
9 1 5  7 6 3  4 8 2
7 2 8  9 4 1  3 5 6

1 6 4  8 3 5  7 2 9
3 8 7  2 9 6  1 4 5
2 5 9  4 1 7  8 6 3

6 7 3  1 8 2  5 9 4
5 9 2  3 7 4  6 1 8
8 4 1  6 5 9  2 3 7
Answer: 212
4 3 6  5 2 8  9 7 1
9 1 5  7 6 3  4 8 2
7 2 8  9 4 1  3 5 6

1 6 4  8 3 5  7 2 9
3 8 7  2 9 6  1 4 5
2 5 9  4 1 7  8 6 3

6 4 3  1 8 2  5 9 7
5 9 2  3 7 4  6 1 8
8 7 1  6 5 9  2 3 4
Answer: 213
3 4 6  5 2 8  9 1 7
1 9 5  7 6 3  4 2 8
2 7 8  9 4 1  3 6 5

6 1 4  8 3 5  7 9 2
8 3 7  2 9 6  1 5 4
5 2 9  4 1 7  8 3 6

4 6 3  1 8 2  5 7 9
9 5 2  3 7 4  6 8 1
7 8 1  6 5 9  2 4 3
Answer: 214
3 4 6  5 2 8  9 1 7
1 9 5  7 6 3  4 2 8
2 7 8  9 4 1  3 6 5

6 1 4  8 3 5  7 9 2
8 3 7  2 9 6  1 5 4
5 2 9  4 1 7  8 3 6

7 6 3  1 8 2  5 4 9
9 5 2  3 7 4  6 8 1
4 8 1  6 5 9  2 7 3
Answer: 215
4 3 6  5 2 8  9 1 7
1 9 5  7 6 3  4 2 8
2 7 8  9 4 1  3 6 5

6 1 4  8 3 5  7 9 2
5 8 7  2 9 6  1 3 4
3 2 9  4 1 7  8 5 6

7 6 3  1 8 2  5 4 9
9 5 2  3 7 4  6 8 1
8 4 1  6 5 9  2 7 3
Answer: 216
4 3 6  5 2 8  9 1 7
1 9 5  7 6 3  4 2 8
2 7 8  9 4 1  3 6 5

6 1 4  8 3 5  7 9 2
3 8 7  2 9 6  1 5 4
5 2 9  4 1 7  8 3 6

7 6 3  1 8 2  5 4 9
9 5 2  3 7 4  6 8 1
8 4 1  6 5 9  2 7 3
Answer: 217
4 3 6  5 2 8  9 1 7
1 9 5  7 6 3  4 8 2
2 7 8  9 4 1  3 6 5

6 1 4  8 3 5  7 2 9
8 5 7  2 9 6  1 4 3
3 2 9  4 1 7  8 5 6

9 6 3  1 8 2  5 7 4
5 8 2  3 7 4  6 9 1
7 4 1  6 5 9  2 3 8
Answer: 218
4 3 6  5 2 8  9 1 7
1 9 5  7 6 3  4 8 2
2 7 8  9 4 1  3 6 5

6 1 4  8 3 5  7 2 9
5 8 7  2 9 6  1 4 3
3 2 9  4 1 7  8 5 6

9 6 3  1 8 2  5 7 4
8 5 2  3 7 4  6 9 1
7 4 1  6 5 9  2 3 8
Answer: 219
4 3 6  5 2 8  9 1 7
9 1 5  7 6 3  4 8 2
2 7 8  9 4 1  3 6 5

1 6 4  8 3 5  7 2 9
8 5 7  2 9 6  1 4 3
3 2 9  4 1 7  8 5 6

6 9 3  1 8 2  5 7 4
5 8 2  3 7 4  6 9 1
7 4 1  6 5 9  2 3 8
Answer: 220
3 4 6  5 2 8  9 1 7
9 1 5  7 6 3  4 2 8
2 7 8  9 4 1  3 6 5

1 2 4  8 3 5  7 9 6
8 3 7  2 9 6  1 5 4
6 5 9  4 1 7  8 3 2

7 6 3  1 8 2  5 4 9
5 9 2  3 7 4  6 8 1
4 8 1  6 5 9  2 7 3
Answer: 221
3 4 6  5 2 8  9 1 7
9 1 5  7 6 3  4 2 8
2 7 8  9 4 1  3 6 5

1 2 4  8 3 5  7 9 6
8 5 7  2 9 6  1 3 4
6 3 9  4 1 7  8 5 2

7 6 3  1 8 2  5 4 9
5 9 2  3 7 4  6 8 1
4 8 1  6 5 9  2 7 3
Answer: 222
3 4 6  5 2 8  9 1 7
9 1 5  7 6 3  4 2 8
2 7 8  9 4 1  3 6 5

1 2 4  8 3 5  7 9 6
8 3 7  2 9 6  1 5 4
6 5 9  4 1 7  8 3 2

4 6 3  1 8 2  5 7 9
5 9 2  3 7 4  6 8 1
7 8 1  6 5 9  2 4 3
Answer: 223
3 4 6  5 2 8  9 1 7
9 1 5  7 6 3  4 2 8
2 7 8  9 4 1  3 6 5

1 2 4  8 3 5  7 9 6
8 5 7  2 9 6  1 3 4
6 3 9  4 1 7  8 5 2

4 6 3  1 8 2  5 7 9
5 9 2  3 7 4  6 8 1
7 8 1  6 5 9  2 4 3
Answer: 224
3 4 6  5 2 8  9 1 7
9 1 5  7 6 3  4 2 8
2 7 8  9 4 1  3 6 5

1 2 4  8 3 5  7 9 6
8 5 7  2 9 6  1 4 3
6 3 9  4 1 7  8 5 2

4 6 3  1 8 2  5 7 9
5 9 2  3 7 4  6 8 1
7 8 1  6 5 9  2 3 4
Answer: 225
4 3 6  5 2 8  9 1 7
9 1 5  7 6 3  4 2 8
2 7 8  9 4 1  3 6 5

1 6 4  8 3 5  7 9 2
8 5 7  2 9 6  1 3 4
3 2 9  4 1 7  8 5 6

6 4 3  1 8 2  5 7 9
5 9 2  3 7 4  6 8 1
7 8 1  6 5 9  2 4 3
Answer: 226
4 3 6  5 2 8  9 1 7
9 1 5  7 6 3  4 2 8
2 7 8  9 4 1  3 6 5

1 2 4  8 3 5  7 9 6
8 5 7  2 9 6  1 3 4
3 6 9  4 1 7  8 5 2

6 4 3  1 8 2  5 7 9
5 9 2  3 7 4  6 8 1
7 8 1  6 5 9  2 4 3
Answer: 227
4 3 6  5 2 8  9 1 7
9 1 5  7 6 3  4 2 8
2 7 8  9 4 1  3 6 5

1 6 4  8 3 5  7 9 2
8 5 7  2 9 6  1 4 3
3 2 9  4 1 7  8 5 6

6 4 3  1 8 2  5 7 9
5 9 2  3 7 4  6 8 1
7 8 1  6 5 9  2 3 4
Answer: 228
4 3 6  5 2 8  9 1 7
9 1 5  7 6 3  4 2 8
2 7 8  9 4 1  3 6 5

1 2 4  8 3 5  7 9 6
8 5 7  2 9 6  1 4 3
3 6 9  4 1 7  8 5 2

6 4 3  1 8 2  5 7 9
5 9 2  3 7 4  6 8 1
7 8 1  6 5 9  2 3 4
Answer: 229
4 3 6  5 2 8  9 1 7
9 1 5  7 6 3  4 8 2
2 7 8  9 4 1  3 6 5

1 6 4  8 3 5  7 2 9
5 8 7  2 9 6  1 4 3
3 2 9  4 1 7  8 5 6

6 9 3  1 8 2  5 7 4
8 5 2  3 7 4  6 9 1
7 4 1  6 5 9  2 3 8
Answer: 230
4 3 6  5 2 8  9 1 7
9 1 5  7 6 3  4 2 8
2 7 8  9 4 1  3 6 5

1 2 4  8 3 5  7 9 6
3 8 7  2 9 6  1 5 4
6 5 9  4 1 7  8 3 2

7 6 3  1 8 2  5 4 9
5 9 2  3 7 4  6 8 1
8 4 1  6 5 9  2 7 3
Answer: 231
3 4 6  5 2 8  9 1 7
9 1 5  7 6 3  4 2 8
2 7 8  9 4 1  3 5 6

1 2 4  8 3 5  7 6 9
8 3 7  2 9 6  1 4 5
6 5 9  4 1 7  8 3 2

7 6 3  1 8 2  5 9 4
5 9 2  3 7 4  6 8 1
4 8 1  6 5 9  2 7 3
Answer: 232
4 3 6  5 2 8  9 1 7
9 1 5  7 6 3  4 2 8
2 7 8  9 4 1  3 5 6

1 2 4  8 3 5  7 6 9
3 8 7  2 9 6  1 4 5
5 6 9  4 1 7  8 3 2

6 9 3  1 8 2  5 7 4
8 5 2  3 7 4  6 9 1
7 4 1  6 5 9  2 8 3
Answer: 233
4 3 6  5 2 8  9 1 7
9 1 5  7 6 3  4 2 8
2 7 8  9 4 1  3 5 6

1 2 4  8 3 5  7 6 9
3 8 7  2 9 6  1 4 5
6 5 9  4 1 7  8 3 2

7 6 3  1 8 2  5 9 4
5 9 2  3 7 4  6 8 1
8 4 1  6 5 9  2 7 3
Answer: 234
4 3 6  5 2 8  9 1 7
9 1 5  7 6 3  4 8 2
2 7 8  9 4 1  3 5 6

1 2 4  8 3 5  7 6 9
5 8 7  2 9 6  1 4 3
3 6 9  4 1 7  8 2 5

6 9 3  1 8 2  5 7 4
8 5 2  3 7 4  6 9 1
7 4 1  6 5 9  2 3 8
Answer: 235
4 3 6  5 2 8  9 1 7
9 1 5  7 6 3  4 8 2
2 7 8  9 4 1  3 5 6

1 6 4  8 3 5  7 2 9
5 8 7  2 9 6  1 4 3
3 2 9  4 1 7  8 6 5

6 9 3  1 8 2  5 7 4
8 5 2  3 7 4  6 9 1
7 4 1  6 5 9  2 3 8
Answer: 236
4 3 6  5 2 8  9 1 7
9 1 5  7 6 3  4 8 2
2 7 8  9 4 1  3 5 6

1 2 4  8 3 5  7 6 9
3 8 7  2 9 6  1 4 5
5 6 9  4 1 7  8 2 3

6 9 3  1 8 2  5 7 4
8 5 2  3 7 4  6 9 1
7 4 1  6 5 9  2 3 8
Answer: 237
4 3 6  5 2 8  9 1 7
9 1 5  7 6 3  4 8 2
2 7 8  9 4 1  3 5 6

1 6 4  8 3 5  7 2 9
3 8 7  2 9 6  1 4 5
5 2 9  4 1 7  8 6 3

6 9 3  1 8 2  5 7 4
8 5 2  3 7 4  6 9 1
7 4 1  6 5 9  2 3 8
Answer: 238
4 3 6  5 2 8  9 1 7
9 1 5  7 6 3  4 8 2
2 7 8  9 4 1  3 5 6

1 2 4  8 3 5  7 6 9
8 5 7  2 9 6  1 4 3
3 6 9  4 1 7  8 2 5

6 9 3  1 8 2  5 7 4
5 8 2  3 7 4  6 9 1
7 4 1  6 5 9  2 3 8
Answer: 239
4 3 6  5 2 8  9 1 7
9 1 5  7 6 3  4 8 2
2 7 8  9 4 1  3 5 6

1 6 4  8 3 5  7 2 9
8 5 7  2 9 6  1 4 3
3 2 9  4 1 7  8 6 5

6 9 3  1 8 2  5 7 4
5 8 2  3 7 4  6 9 1
7 4 1  6 5 9  2 3 8
Answer: 240
4 3 6  5 2 8  9 1 7
1 9 5  7 6 3  4 8 2
2 7 8  9 4 1  3 5 6

6 1 4  8 3 5  7 2 9
5 8 7  2 9 6  1 4 3
3 2 9  4 1 7  8 6 5

9 6 3  1 8 2  5 7 4
8 5 2  3 7 4  6 9 1
7 4 1  6 5 9  2 3 8
Answer: 241
4 3 6  5 2 8  9 1 7
1 9 5  7 6 3  4 8 2
2 7 8  9 4 1  3 5 6

6 1 4  8 3 5  7 2 9
3 8 7  2 9 6  1 4 5
5 2 9  4 1 7  8 6 3

9 6 3  1 8 2  5 7 4
8 5 2  3 7 4  6 9 1
7 4 1  6 5 9  2 3 8
Answer: 242
4 3 6  5 2 8  9 1 7
1 9 5  7 6 3  4 8 2
2 7 8  9 4 1  3 5 6

6 1 4  8 3 5  7 2 9
8 5 7  2 9 6  1 4 3
3 2 9  4 1 7  8 6 5

9 6 3  1 8 2  5 7 4
5 8 2  3 7 4  6 9 1
7 4 1  6 5 9  2 3 8
Answer: 243
4 3 6  5 2 8  9 1 7
1 9 5  7 6 3  4 2 8
2 7 8  9 4 1  3 5 6

6 1 4  8 3 5  7 9 2
5 8 7  2 9 6  1 3 4
3 2 9  4 1 7  8 6 5

7 6 3  1 8 2  5 4 9
9 5 2  3 7 4  6 8 1
8 4 1  6 5 9  2 7 3
Answer: 244
4 3 6  5 2 8  9 1 7
9 1 5  7 6 3  4 2 8
2 7 8  9 4 1  3 5 6

1 6 4  8 3 5  7 9 2
8 5 7  2 9 6  1 4 3
3 2 9  4 1 7  8 6 5

6 4 3  1 8 2  5 7 9
5 9 2  3 7 4  6 8 1
7 8 1  6 5 9  2 3 4
Answer: 245
3 4 6  5 2 8  9 1 7
1 9 5  7 6 3  4 2 8
2 7 8  9 4 1  3 5 6

6 1 4  8 3 5  7 9 2
8 3 7  2 9 6  1 4 5
5 2 9  4 1 7  8 6 3

4 6 3  1 8 2  5 7 9
9 5 2  3 7 4  6 8 1
7 8 1  6 5 9  2 3 4
Answer: 246
4 3 6  5 2 8  9 1 7
9 1 5  7 6 3  4 2 8
2 7 8  9 4 1  3 5 6

1 6 4  8 3 5  7 9 2
8 5 7  2 9 6  1 3 4
3 2 9  4 1 7  8 6 5

6 4 3  1 8 2  5 7 9
5 9 2  3 7 4  6 8 1
7 8 1  6 5 9  2 4 3
Answer: 247
4 3 6  5 2 8  9 1 7
1 9 5  7 6 3  4 2 8
7 2 8  9 4 1  3 6 5

2 1 4  8 3 5  7 9 6
5 8 7  2 9 6  1 4 3
3 6 9  4 1 7  8 5 2

6 4 3  1 8 2  5 7 9
9 5 2  3 7 4  6 8 1
8 7 1  6 5 9  2 3 4
Answer: 248
4 3 6  5 2 8  9 1 7
9 1 5  7 6 3  4 2 8
7 2 8  9 4 1  3 5 6

1 6 4  8 3 5  7 9 2
3 8 7  2 9 6  1 4 5
2 5 9  4 1 7  8 6 3

6 4 3  1 8 2  5 7 9
5 9 2  3 7 4  6 8 1
8 7 1  6 5 9  2 3 4
Answer: 249
4 3 6  5 2 8  9 1 7
1 9 5  7 6 3  4 2 8
7 2 8  9 4 1  3 5 6

2 1 4  8 3 5  7 6 9
3 8 7  2 9 6  1 4 5
5 6 9  4 1 7  8 3 2

6 7 3  1 8 2  5 9 4
9 5 2  3 7 4  6 8 1
8 4 1  6 5 9  2 7 3
Answer: 250
3 4 6  5 2 8  9 1 7
9 1 5  7 6 3  4 8 2
7 2 8  9 4 1  3 6 5

1 6 4  8 3 5  7 2 9
5 8 7  2 9 6  1 4 3
2 3 9  4 1 7  8 5 6

6 9 3  1 8 2  5 7 4
8 5 2  3 7 4  6 9 1
4 7 1  6 5 9  2 3 8
Answer: 251
3 4 6  5 2 8  9 1 7
9 1 5  7 6 3  4 8 2
7 2 8  9 4 1  3 6 5

1 6 4  8 3 5  7 2 9
8 5 7  2 9 6  1 4 3
2 3 9  4 1 7  8 5 6

6 9 3  1 8 2  5 7 4
5 8 2  3 7 4  6 9 1
4 7 1  6 5 9  2 3 8
Answer: 252
3 4 6  5 2 8  9 1 7
1 9 5  7 6 3  4 2 8
7 2 8  9 4 1  3 6 5

6 1 4  8 3 5  7 9 2
5 8 7  2 9 6  1 4 3
2 3 9  4 1 7  8 5 6

4 6 3  1 8 2  5 7 9
9 5 2  3 7 4  6 8 1
8 7 1  6 5 9  2 3 4
Answer: 253
3 4 6  5 2 8  9 1 7
1 9 5  7 6 3  4 2 8
7 2 8  9 4 1  3 6 5

2 1 4  8 3 5  7 9 6
5 8 7  2 9 6  1 4 3
6 3 9  4 1 7  8 5 2

4 6 3  1 8 2  5 7 9
9 5 2  3 7 4  6 8 1
8 7 1  6 5 9  2 3 4
Answer: 254
3 4 6  5 2 8  9 1 7
1 9 5  7 6 3  4 8 2
7 2 8  9 4 1  3 6 5

6 1 4  8 3 5  7 2 9
5 8 7  2 9 6  1 4 3
2 3 9  4 1 7  8 5 6

9 6 3  1 8 2  5 7 4
8 5 2  3 7 4  6 9 1
4 7 1  6 5 9  2 3 8
Answer: 255
3 4 6  5 2 8  9 1 7
1 9 5  7 6 3  4 8 2
7 2 8  9 4 1  3 6 5

6 1 4  8 3 5  7 2 9
8 5 7  2 9 6  1 4 3
2 3 9  4 1 7  8 5 6

9 6 3  1 8 2  5 7 4
5 8 2  3 7 4  6 9 1
4 7 1  6 5 9  2 3 8
Answer: 256
3 4 6  5 2 8  9 1 7
1 9 5  7 6 3  4 2 8
7 2 8  9 4 1  3 5 6

6 1 4  8 3 5  7 9 2
5 8 7  2 9 6  1 4 3
2 3 9  4 1 7  8 6 5

4 6 3  1 8 2  5 7 9
9 5 2  3 7 4  6 8 1
8 7 1  6 5 9  2 3 4
Answer: 257
3 4 6  5 2 8  9 1 7
1 9 5  7 6 3  4 2 8
7 2 8  9 4 1  3 5 6

2 1 4  8 3 5  7 6 9
8 3 7  2 9 6  1 4 5
5 6 9  4 1 7  8 3 2

6 7 3  1 8 2  5 9 4
9 5 2  3 7 4  6 8 1
4 8 1  6 5 9  2 7 3
Answer: 258
3 4 6  5 2 8  9 1 7
1 9 5  7 6 3  4 2 8
7 2 8  9 4 1  3 5 6

2 1 4  8 3 5  7 6 9
8 3 7  2 9 6  1 4 5
6 5 9  4 1 7  8 3 2

9 6 3  1 8 2  5 7 4
5 8 2  3 7 4  6 9 1
4 7 1  6 5 9  2 8 3
Answer: 259
3 4 6  5 2 8  9 1 7
1 9 5  7 6 3  4 8 2
7 2 8  9 4 1  3 5 6

2 1 4  8 3 5  7 6 9
8 3 7  2 9 6  1 4 5
6 5 9  4 1 7  8 2 3

9 6 3  1 8 2  5 7 4
5 8 2  3 7 4  6 9 1
4 7 1  6 5 9  2 3 8
Answer: 260
3 4 6  5 2 8  9 1 7
1 9 5  7 6 3  4 8 2
7 2 8  9 4 1  3 5 6

6 1 4  8 3 5  7 2 9
8 3 7  2 9 6  1 4 5
2 5 9  4 1 7  8 6 3

9 6 3  1 8 2  5 7 4
5 8 2  3 7 4  6 9 1
4 7 1  6 5 9  2 3 8
Answer: 261
3 4 6  5 2 8  9 1 7
1 9 5  7 6 3  4 8 2
7 2 8  9 4 1  3 5 6

2 1 4  8 3 5  7 6 9
8 5 7  2 9 6  1 4 3
6 3 9  4 1 7  8 2 5

9 6 3  1 8 2  5 7 4
5 8 2  3 7 4  6 9 1
4 7 1  6 5 9  2 3 8
Answer: 262
3 4 6  5 2 8  9 1 7
1 9 5  7 6 3  4 8 2
7 2 8  9 4 1  3 5 6

6 1 4  8 3 5  7 2 9
8 5 7  2 9 6  1 4 3
2 3 9  4 1 7  8 6 5

9 6 3  1 8 2  5 7 4
5 8 2  3 7 4  6 9 1
4 7 1  6 5 9  2 3 8
Answer: 263
3 4 6  5 2 8  9 1 7
1 9 5  7 6 3  4 8 2
7 2 8  9 4 1  3 5 6

2 1 4  8 3 5  7 6 9
5 8 7  2 9 6  1 4 3
6 3 9  4 1 7  8 2 5

9 6 3  1 8 2  5 7 4
8 5 2  3 7 4  6 9 1
4 7 1  6 5 9  2 3 8
Answer: 264
3 4 6  5 2 8  9 1 7
1 9 5  7 6 3  4 8 2
7 2 8  9 4 1  3 5 6

6 1 4  8 3 5  7 2 9
5 8 7  2 9 6  1 4 3
2 3 9  4 1 7  8 6 5

9 6 3  1 8 2  5 7 4
8 5 2  3 7 4  6 9 1
4 7 1  6 5 9  2 3 8
Answer: 265
3 4 6  5 2 8  9 1 7
9 1 5  7 6 3  4 8 2
7 2 8  9 4 1  3 5 6

1 6 4  8 3 5  7 2 9
8 5 7  2 9 6  1 4 3
2 3 9  4 1 7  8 6 5

6 9 3  1 8 2  5 7 4
5 8 2  3 7 4  6 9 1
4 7 1  6 5 9  2 3 8
Answer: 266
3 4 6  5 2 8  9 1 7
9 1 5  7 6 3  4 8 2
7 2 8  9 4 1  3 5 6

1 6 4  8 3 5  7 2 9
8 3 7  2 9 6  1 4 5
2 5 9  4 1 7  8 6 3

6 9 3  1 8 2  5 7 4
5 8 2  3 7 4  6 9 1
4 7 1  6 5 9  2 3 8
Answer: 267
3 4 6  5 2 8  9 1 7
9 1 5  7 6 3  4 8 2
7 2 8  9 4 1  3 5 6

1 6 4  8 3 5  7 2 9
5 8 7  2 9 6  1 4 3
2 3 9  4 1 7  8 6 5

6 9 3  1 8 2  5 7 4
8 5 2  3 7 4  6 9 1
4 7 1  6 5 9  2 3 8
Answer: 268
3 4 6  5 2 8  9 1 7
1 9 5  7 6 3  4 2 8
7 2 8  9 4 1  3 6 5

2 1 4  8 3 5  7 9 6
8 3 7  2 9 6  1 5 4
5 6 9  4 1 7  8 3 2

6 7 3  1 8 2  5 4 9
9 5 2  3 7 4  6 8 1
4 8 1  6 5 9  2 7 3
Answer: 269
3 4 6  5 2 8  9 1 7
9 1 5  7 6 3  4 2 8
7 2 8  9 4 1  3 6 5

1 6 4  8 3 5  7 9 2
8 5 7  2 9 6  1 3 4
2 3 9  4 1 7  8 5 6

6 7 3  1 8 2  5 4 9
5 9 2  3 7 4  6 8 1
4 8 1  6 5 9  2 7 3
Answer: 270
3 4 6  5 2 8  9 1 7
9 1 5  7 6 3  4 2 8
7 2 8  9 4 1  3 6 5

1 6 4  8 3 5  7 9 2
8 3 7  2 9 6  1 5 4
2 5 9  4 1 7  8 3 6

6 7 3  1 8 2  5 4 9
5 9 2  3 7 4  6 8 1
4 8 1  6 5 9  2 7 3
Answer: 271
3 4 6  5 2 8  9 1 7
9 1 5  7 6 3  4 2 8
7 2 8  9 4 1  3 5 6

1 6 4  8 3 5  7 9 2
8 5 7  2 9 6  1 3 4
2 3 9  4 1 7  8 6 5

6 7 3  1 8 2  5 4 9
5 9 2  3 7 4  6 8 1
4 8 1  6 5 9  2 7 3
Answer: 272
3 4 6  5 2 8  9 1 7
1 9 5  7 6 3  4 2 8
7 2 8  9 4 1  3 6 5

2 1 4  8 3 5  7 9 6
5 8 7  2 9 6  1 3 4
6 3 9  4 1 7  8 5 2

4 6 3  1 8 2  5 7 9
9 5 2  3 7 4  6 8 1
8 7 1  6 5 9  2 4 3
Answer: 273
3 4 6  5 2 8  9 1 7
1 9 5  7 6 3  4 2 8
7 2 8  9 4 1  3 6 5

6 1 4  8 3 5  7 9 2
5 8 7  2 9 6  1 3 4
2 3 9  4 1 7  8 5 6

4 6 3  1 8 2  5 7 9
9 5 2  3 7 4  6 8 1
8 7 1  6 5 9  2 4 3
Answer: 274
4 3 6  5 2 8  9 1 7
1 9 5  7 6 3  4 2 8
7 2 8  9 4 1  3 6 5

2 1 4  8 3 5  7 9 6
3 8 7  2 9 6  1 5 4
5 6 9  4 1 7  8 3 2

6 7 3  1 8 2  5 4 9
9 5 2  3 7 4  6 8 1
8 4 1  6 5 9  2 7 3
Answer: 275
4 3 6  5 2 8  9 1 7
1 9 5  7 6 3  4 2 8
7 2 8  9 4 1  3 6 5

2 1 4  8 3 5  7 9 6
5 8 7  2 9 6  1 3 4
3 6 9  4 1 7  8 5 2

6 7 3  1 8 2  5 4 9
9 5 2  3 7 4  6 8 1
8 4 1  6 5 9  2 7 3
Answer: 276
4 3 6  5 2 8  9 1 7
1 9 5  7 6 3  4 2 8
7 2 8  9 4 1  3 6 5

2 1 4  8 3 5  7 9 6
3 8 7  2 9 6  1 5 4
5 6 9  4 1 7  8 3 2

6 4 3  1 8 2  5 7 9
9 5 2  3 7 4  6 8 1
8 7 1  6 5 9  2 4 3
Answer: 277
4 3 6  5 2 8  9 1 7
1 9 5  7 6 3  4 2 8
7 2 8  9 4 1  3 6 5

2 1 4  8 3 5  7 9 6
5 8 7  2 9 6  1 3 4
3 6 9  4 1 7  8 5 2

6 4 3  1 8 2  5 7 9
9 5 2  3 7 4  6 8 1
8 7 1  6 5 9  2 4 3
Answer: 278
4 3 6  5 2 8  9 1 7
9 1 5  7 6 3  4 2 8
7 2 8  9 4 1  3 6 5

1 6 4  8 3 5  7 9 2
3 8 7  2 9 6  1 5 4
2 5 9  4 1 7  8 3 6

6 7 3  1 8 2  5 4 9
5 9 2  3 7 4  6 8 1
8 4 1  6 5 9  2 7 3
Answer: 279
4 3 6  5 2 8  9 1 7
9 1 5  7 6 3  4 2 8
7 2 8  9 4 1  3 6 5

1 6 4  8 3 5  7 9 2
3 8 7  2 9 6  1 5 4
2 5 9  4 1 7  8 3 6

6 4 3  1 8 2  5 7 9
5 9 2  3 7 4  6 8 1
8 7 1  6 5 9  2 4 3
Answer: 280
3 4 6  5 2 8  9 1 7
1 9 5  7 6 3  4 2 8
7 2 8  9 4 1  3 5 6

6 1 4  8 3 5  7 9 2
5 8 7  2 9 6  1 3 4
2 3 9  4 1 7  8 6 5

4 6 3  1 8 2  5 7 9
9 5 2  3 7 4  6 8 1
8 7 1  6 5 9  2 4 3
SATISFIABLE

Models       : 280
Calls        : 1
Time         : 0.479s (Solving: 0.46s 1st Model: 0.00s Unsat: 0.00s)
CPU Time     : 0.479s