clingo version 5.6.2
Reading from ./instances/lp/ex11.lp
Solving...
Answer: 1
1 5 9  8 6 4  7 3 2
8 2 3  7 9 1  4 6 5
6 7 4  3 5 2  8 1 9

3 9 2  1 4 7  6 5 8
7 4 6  9 8 5  1 2 3
5 1 8  6 2 3  9 7 4

2 6 5  4 1 8  3 9 7
9 8 7  2 3 6  5 4 1
4 3 1  5 7 9  2 8 6
Answer: 2
1 2 9  8 6 4  7 3 5
8 5 3  7 9 1  4 6 2
6 7 4  3 5 2  8 1 9

3 9 2  1 4 7  6 5 8
7 4 6  9 8 5  1 2 3
5 1 8  6 2 3  9 7 4

2 6 5  4 1 8  3 9 7
9 8 7  2 3 6  5 4 1
4 3 1  5 7 9  2 8 6
Answer: 3
1 2 9  8 6 4  7 3 5
8 5 3  7 9 1  4 6 2
6 7 4  3 5 2  8 9 1

3 9 2  1 4 7  6 5 8
7 4 6  9 8 5  1 2 3
5 1 8  6 2 3  9 4 7

2 6 5  4 1 8  3 7 9
9 8 7  2 3 6  5 1 4
4 3 1  5 7 9  2 8 6
Answer: 4
1 5 9  8 6 4  7 3 2
8 2 3  7 9 1  4 6 5
6 7 4  3 5 2  8 9 1

3 9 2  1 4 7  6 5 8
7 4 6  9 8 5  1 2 3
5 1 8  6 2 3  9 4 7

2 6 5  4 1 8  3 7 9
9 8 7  2 3 6  5 1 4
4 3 1  5 7 9  2 8 6
Answer: 5
1 5 9  8 6 4  7 2 3
8 2 3  7 9 1  4 6 5
6 7 4  3 5 2  8 9 1

3 9 2  1 4 7  6 5 8
7 4 6  9 8 5  1 3 2
5 1 8  6 2 3  9 4 7

2 6 5  4 1 8  3 7 9
9 8 7  2 3 6  5 1 4
4 3 1  5 7 9  2 8 6
Answer: 6
1 5 9  8 6 4  7 2 3
8 2 3  7 9 1  4 6 5
6 7 4  3 5 2  8 1 9

3 9 2  1 4 7  6 5 8
7 4 6  9 8 5  1 3 2
5 1 8  6 2 3  9 7 4

2 6 5  4 1 8  3 9 7
9 8 7  2 3 6  5 4 1
4 3 1  5 7 9  2 8 6
Answer: 7
1 5 9  8 6 4  7 3 2
8 2 3  7 9 1  4 5 6
6 7 4  3 5 2  8 9 1

3 9 2  1 4 7  6 8 5
7 4 6  9 8 5  1 2 3
5 1 8  6 2 3  9 4 7

2 6 5  4 1 8  3 7 9
9 8 7  2 3 6  5 1 4
4 3 1  5 7 9  2 6 8
Answer: 8
1 2 9  8 6 4  7 5 3
8 5 3  7 9 1  4 2 6
6 7 4  3 5 2  8 9 1

3 9 2  1 4 7  6 8 5
7 4 6  9 8 5  1 3 2
5 1 8  6 2 3  9 4 7

2 6 5  4 1 8  3 7 9
9 8 7  2 3 6  5 1 4
4 3 1  5 7 9  2 6 8
Answer: 9
1 5 9  8 6 4  7 2 3
8 2 3  7 9 1  4 5 6
6 7 4  3 5 2  8 9 1

3 9 2  1 4 7  6 8 5
7 4 6  9 8 5  1 3 2
5 1 8  6 2 3  9 4 7

2 6 5  4 1 8  3 7 9
9 8 7  2 3 6  5 1 4
4 3 1  5 7 9  2 6 8
Answer: 10
1 5 9  8 6 4  7 3 2
8 2 3  7 9 1  4 5 6
6 7 4  3 5 2  8 1 9

3 9 2  1 4 7  6 8 5
7 4 6  9 8 5  1 2 3
5 1 8  6 2 3  9 7 4

2 6 5  4 1 8  3 9 7
9 8 7  2 3 6  5 4 1
4 3 1  5 7 9  2 6 8
Answer: 11
1 5 9  8 6 4  7 2 3
8 2 3  7 9 1  4 5 6
6 7 4  3 5 2  8 1 9

3 9 2  1 4 7  6 8 5
7 4 6  9 8 5  1 3 2
5 1 8  6 2 3  9 7 4

2 6 5  4 1 8  3 9 7
9 8 7  2 3 6  5 4 1
4 3 1  5 7 9  2 6 8
Answer: 12
1 2 9  8 6 4  7 5 3
8 5 3  7 9 1  4 2 6
6 7 4  3 5 2  8 1 9

3 9 2  1 4 7  6 8 5
7 4 6  9 8 5  1 3 2
5 1 8  6 2 3  9 7 4

2 6 5  4 1 8  3 9 7
9 8 7  2 3 6  5 4 1
4 3 1  5 7 9  2 6 8
SATISFIABLE

Models       : 12
Calls        : 1
Time         : 0.024s (Solving: 0.02s 1st Model: 0.00s Unsat: 0.00s)
CPU Time     : 0.024s