clingo version 5.6.2
Reading from ./instances/lp/ex12.lp
Solving...
Answer: 1
2 3 1  7 5 6  8 4 9
5 7 4  9 8 1  2 6 3
9 8 6  2 3 4  5 1 7

7 1 3  6 9 2  4 8 5
8 6 2  5 4 7  3 9 1
4 9 5  8 1 3  7 2 6

3 4 8  1 6 5  9 7 2
1 5 7  4 2 9  6 3 8
6 2 9  3 7 8  1 5 4
Answer: 2
3 2 1  7 5 6  8 4 9
5 7 4  9 8 1  2 6 3
8 9 6  2 3 4  5 1 7

7 1 3  6 9 2  4 8 5
6 8 2  5 4 7  3 9 1
9 4 5  8 1 3  7 2 6

4 3 8  1 6 5  9 7 2
1 5 7  4 2 9  6 3 8
2 6 9  3 7 8  1 5 4
Answer: 3
9 2 1  7 5 6  8 4 3
5 3 4  9 8 1  2 6 7
8 7 6  2 3 4  5 1 9

7 1 3  6 9 2  4 8 5
6 8 2  5 4 7  3 9 1
4 9 5  8 1 3  7 2 6

3 4 8  1 6 5  9 7 2
1 5 7  4 2 9  6 3 8
2 6 9  3 7 8  1 5 4
Answer: 4
3 2 1  7 5 6  8 4 9
5 7 4  9 8 1  2 6 3
9 8 6  2 3 4  5 1 7

7 1 3  6 9 2  4 8 5
8 6 2  5 4 7  3 9 1
4 9 5  8 1 3  7 2 6

2 3 8  1 6 5  9 7 4
1 5 7  4 2 9  6 3 8
6 4 9  3 7 8  1 5 2
Answer: 5
2 3 1  7 5 6  8 4 9
5 7 4  9 8 1  2 6 3
9 8 6  2 3 4  5 1 7

7 1 3  6 9 2  4 8 5
8 6 2  5 4 7  3 9 1
4 9 5  8 1 3  7 2 6

3 2 8  1 6 5  9 7 4
1 5 7  4 2 9  6 3 8
6 4 9  3 7 8  1 5 2
Answer: 6
2 3 1  7 5 6  8 4 9
5 7 4  9 8 1  2 6 3
8 9 6  2 3 4  5 1 7

7 1 3  6 9 2  4 8 5
6 8 2  5 4 7  3 9 1
9 4 5  8 1 3  7 2 6

3 2 8  1 6 5  9 7 4
1 5 7  4 2 9  6 3 8
4 6 9  3 7 8  1 5 2
Answer: 7
3 2 1  7 5 6  8 4 9
5 7 4  9 8 1  2 6 3
8 9 6  2 3 4  5 1 7

7 1 3  6 9 2  4 8 5
6 8 2  5 4 7  3 9 1
9 4 5  8 1 3  7 2 6

2 3 8  1 6 5  9 7 4
1 5 7  4 2 9  6 3 8
4 6 9  3 7 8  1 5 2
Answer: 8
2 9 1  7 5 6  8 4 3
5 3 4  9 8 1  2 6 7
8 7 6  2 3 4  5 1 9

7 1 3  6 9 2  4 8 5
6 8 2  5 4 7  3 9 1
9 4 5  8 1 3  7 2 6

3 2 8  1 6 5  9 7 4
1 5 7  4 2 9  6 3 8
4 6 9  3 7 8  1 5 2
Answer: 9
3 2 1  7 5 6  8 4 9
7 5 4  9 8 1  2 6 3
8 9 6  2 3 4  5 1 7

1 7 3  6 9 2  4 8 5
6 8 2  5 4 7  3 9 1
9 4 5  8 1 3  7 2 6

4 3 8  1 6 5  9 7 2
5 1 7  4 2 9  6 3 8
2 6 9  3 7 8  1 5 4
Answer: 10
2 3 1  7 5 6  8 4 9
7 5 4  9 8 1  2 6 3
9 8 6  2 3 4  5 1 7

1 7 3  6 9 2  4 8 5
8 6 2  5 4 7  3 9 1
4 9 5  8 1 3  7 2 6

3 4 8  1 6 5  9 7 2
5 1 7  4 2 9  6 3 8
6 2 9  3 7 8  1 5 4
Answer: 11
2 9 1  7 5 6  8 4 3
3 5 4  9 8 1  2 6 7
7 8 6  2 3 4  5 1 9

1 7 3  6 9 2  4 8 5
8 6 2  5 4 7  3 9 1
9 4 5  8 1 3  7 2 6

4 3 8  1 6 5  9 7 2
5 1 7  4 2 9  6 3 8
6 2 9  3 7 8  1 5 4
Answer: 12
2 3 1  7 5 6  8 4 9
7 5 4  9 8 1  2 6 3
9 8 6  2 3 4  5 1 7

1 7 3  6 9 2  4 8 5
8 6 2  5 4 7  3 9 1
4 9 5  8 1 3  7 2 6

3 2 8  1 6 5  9 7 4
5 1 7  4 2 9  6 3 8
6 4 9  3 7 8  1 5 2
Answer: 13
3 2 1  7 5 6  8 4 9
7 5 4  9 8 1  2 6 3
9 8 6  2 3 4  5 1 7

1 7 3  6 9 2  4 8 5
8 6 2  5 4 7  3 9 1
4 9 5  8 1 3  7 2 6

2 3 8  1 6 5  9 7 4
5 1 7  4 2 9  6 3 8
6 4 9  3 7 8  1 5 2
Answer: 14
2 3 1  7 5 6  8 4 9
7 5 4  9 8 1  2 6 3
8 9 6  2 3 4  5 1 7

1 7 3  6 9 2  4 8 5
6 8 2  5 4 7  3 9 1
9 4 5  8 1 3  7 2 6

3 2 8  1 6 5  9 7 4
5 1 7  4 2 9  6 3 8
4 6 9  3 7 8  1 5 2
Answer: 15
3 2 1  7 5 6  8 4 9
7 5 4  9 8 1  2 6 3
8 9 6  2 3 4  5 1 7

1 7 3  6 9 2  4 8 5
6 8 2  5 4 7  3 9 1
9 4 5  8 1 3  7 2 6

2 3 8  1 6 5  9 7 4
5 1 7  4 2 9  6 3 8
4 6 9  3 7 8  1 5 2
Answer: 16
9 2 1  7 5 6  8 4 3
3 5 4  9 8 1  2 6 7
7 8 6  2 3 4  5 1 9

1 7 3  6 9 2  4 8 5
8 6 2  5 4 7  3 9 1
4 9 5  8 1 3  7 2 6

2 3 8  1 6 5  9 7 4
5 1 7  4 2 9  6 3 8
6 4 9  3 7 8  1 5 2
SATISFIABLE

Models       : 16
Calls        : 1
Time         : 0.030s (Solving: 0.02s 1st Model: 0.00s Unsat: 0.00s)
CPU Time     : 0.030s