clingo version 5.6.2
Reading from ./instances/lp/ex13.lp
Solving...
Answer: 1
1 2 5  8 4 3  9 7 6
3 6 9  2 7 1  8 5 4
8 4 7  9 6 5  2 1 3

5 1 4  7 9 8  6 3 2
7 9 6  3 2 4  5 8 1
2 3 8  1 5 6  4 9 7

4 5 3  6 1 9  7 2 8
9 8 2  4 3 7  1 6 5
6 7 1  5 8 2  3 4 9
Answer: 2
2 1 5  8 4 3  9 7 6
6 3 9  2 7 1  8 5 4
4 8 7  9 6 5  2 1 3

1 5 4  7 9 8  6 3 2
9 7 6  3 2 4  5 8 1
3 2 8  1 5 6  4 9 7

5 4 3  6 1 9  7 2 8
8 9 2  4 3 7  1 6 5
7 6 1  5 8 2  3 4 9
Answer: 3
1 2 5  8 4 3  9 7 6
3 6 9  2 7 1  8 5 4
8 4 7  9 6 5  2 1 3

5 1 4  7 9 8  6 3 2
7 9 6  3 2 4  5 8 1
2 3 8  1 5 6  4 9 7

4 8 3  6 1 9  7 2 5
9 5 2  4 3 7  1 6 8
6 7 1  5 8 2  3 4 9
Answer: 4
1 2 5  8 4 3  9 7 6
3 6 9  2 7 1  8 5 4
4 8 7  9 6 5  2 1 3

5 1 4  7 9 8  6 3 2
7 9 6  3 2 4  5 8 1
2 3 8  1 5 6  4 9 7

8 4 3  6 1 9  7 2 5
9 5 2  4 3 7  1 6 8
6 7 1  5 8 2  3 4 9
Answer: 5
2 1 5  8 4 3  9 7 6
6 3 9  2 7 1  8 5 4
8 4 7  9 6 5  2 1 3

1 5 4  7 9 8  6 3 2
9 7 6  3 2 4  5 8 1
3 2 8  1 5 6  4 9 7

4 8 3  6 1 9  7 2 5
5 9 2  4 3 7  1 6 8
7 6 1  5 8 2  3 4 9
Answer: 6
2 1 5  8 4 3  9 7 6
6 3 9  2 7 1  8 5 4
4 8 7  9 6 5  2 1 3

1 5 4  7 9 8  6 3 2
9 7 6  3 2 4  5 8 1
3 2 8  1 5 6  4 9 7

8 4 3  6 1 9  7 2 5
5 9 2  4 3 7  1 6 8
7 6 1  5 8 2  3 4 9
Answer: 7
1 2 5  8 4 3  9 7 6
3 6 9  2 7 1  8 5 4
4 8 7  9 6 5  2 1 3

2 5 4  7 9 8  6 3 1
9 1 6  3 2 4  5 8 7
7 3 8  1 5 6  4 9 2

5 4 3  6 1 9  7 2 8
8 9 2  4 3 7  1 6 5
6 7 1  5 8 2  3 4 9
Answer: 8
2 1 5  8 4 3  9 7 6
3 6 9  2 7 1  8 5 4
8 4 7  9 6 5  2 1 3

5 2 4  7 9 8  6 3 1
1 9 6  3 2 4  5 8 7
7 3 8  1 5 6  4 9 2

4 5 3  6 1 9  7 2 8
9 8 2  4 3 7  1 6 5
6 7 1  5 8 2  3 4 9
Answer: 9
2 1 5  8 4 3  9 7 6
6 3 9  2 7 1  8 5 4
8 4 7  9 6 5  2 1 3

5 2 4  7 9 8  6 3 1
1 9 6  3 2 4  5 8 7
3 7 8  1 5 6  4 9 2

4 5 3  6 1 9  7 2 8
9 8 2  4 3 7  1 6 5
7 6 1  5 8 2  3 4 9
Answer: 10
1 2 5  8 4 3  9 7 6
6 3 9  2 7 1  8 5 4
4 8 7  9 6 5  2 1 3

2 5 4  7 9 8  6 3 1
9 1 6  3 2 4  5 8 7
3 7 8  1 5 6  4 9 2

5 4 3  6 1 9  7 2 8
8 9 2  4 3 7  1 6 5
7 6 1  5 8 2  3 4 9
Answer: 11
1 2 5  8 4 3  9 7 6
6 3 9  2 7 1  8 5 4
8 4 7  9 6 5  2 1 3

2 5 4  7 9 8  6 3 1
9 1 6  3 2 4  5 8 7
3 7 8  1 5 6  4 9 2

4 8 3  6 1 9  7 2 5
5 9 2  4 3 7  1 6 8
7 6 1  5 8 2  3 4 9
Answer: 12
1 2 5  8 4 3  9 7 6
6 3 9  2 7 1  8 5 4
4 8 7  9 6 5  2 1 3

2 5 4  7 9 8  6 3 1
9 1 6  3 2 4  5 8 7
3 7 8  1 5 6  4 9 2

8 4 3  6 1 9  7 2 5
5 9 2  4 3 7  1 6 8
7 6 1  5 8 2  3 4 9
Answer: 13
2 1 5  8 4 3  9 7 6
6 3 9  2 7 1  8 5 4
8 4 7  9 6 5  2 1 3

5 2 4  7 9 8  6 3 1
1 9 6  3 2 4  5 8 7
3 7 8  1 5 6  4 9 2

4 8 3  6 1 9  7 2 5
9 5 2  4 3 7  1 6 8
7 6 1  5 8 2  3 4 9
Answer: 14
2 1 5  8 4 3  9 7 6
6 3 9  2 7 1  8 5 4
4 8 7  9 6 5  2 1 3

5 2 4  7 9 8  6 3 1
1 9 6  3 2 4  5 8 7
3 7 8  1 5 6  4 9 2

8 4 3  6 1 9  7 2 5
9 5 2  4 3 7  1 6 8
7 6 1  5 8 2  3 4 9
Answer: 15
1 2 5  8 4 3  9 7 6
3 6 9  2 7 1  8 5 4
8 4 7  9 6 5  2 1 3

2 5 4  7 9 8  6 3 1
9 1 6  3 2 4  5 8 7
7 3 8  1 5 6  4 9 2

4 8 3  6 1 9  7 2 5
5 9 2  4 3 7  1 6 8
6 7 1  5 8 2  3 4 9
Answer: 16
1 2 5  8 4 3  9 7 6
3 6 9  2 7 1  8 5 4
4 8 7  9 6 5  2 1 3

2 5 4  7 9 8  6 3 1
9 1 6  3 2 4  5 8 7
7 3 8  1 5 6  4 9 2

8 4 3  6 1 9  7 2 5
5 9 2  4 3 7  1 6 8
6 7 1  5 8 2  3 4 9
Answer: 17
2 1 5  8 4 3  9 7 6
3 6 9  2 7 1  8 5 4
8 4 7  9 6 5  2 1 3

5 2 4  7 9 8  6 3 1
1 9 6  3 2 4  5 8 7
7 3 8  1 5 6  4 9 2

4 8 3  6 1 9  7 2 5
9 5 2  4 3 7  1 6 8
6 7 1  5 8 2  3 4 9
Answer: 18
2 1 5  8 4 3  9 7 6
3 6 9  2 7 1  8 5 4
4 8 7  9 6 5  2 1 3

5 2 4  7 9 8  6 3 1
1 9 6  3 2 4  5 8 7
7 3 8  1 5 6  4 9 2

8 4 3  6 1 9  7 2 5
9 5 2  4 3 7  1 6 8
6 7 1  5 8 2  3 4 9
Answer: 19
1 2 5  8 4 3  9 7 6
6 4 9  2 7 1  8 5 3
3 8 7  9 6 5  2 1 4

5 1 4  7 9 8  6 3 2
9 7 6  3 2 4  5 8 1
2 3 8  1 5 6  4 9 7

4 5 3  6 1 9  7 2 8
8 9 2  4 3 7  1 6 5
7 6 1  5 8 2  3 4 9
Answer: 20
2 1 5  8 4 3  9 7 6
4 6 9  2 7 1  8 5 3
8 3 7  9 6 5  2 1 4

1 5 4  7 9 8  6 3 2
7 9 6  3 2 4  5 8 1
3 2 8  1 5 6  4 9 7

5 4 3  6 1 9  7 2 8
9 8 2  4 3 7  1 6 5
6 7 1  5 8 2  3 4 9
Answer: 21
2 1 5  8 4 3  9 7 6
6 4 9  2 7 1  8 5 3
8 3 7  9 6 5  2 1 4

1 5 4  7 9 8  6 3 2
9 7 6  3 2 4  5 8 1
3 2 8  1 5 6  4 9 7

4 8 3  6 1 9  7 2 5
5 9 2  4 3 7  1 6 8
7 6 1  5 8 2  3 4 9
Answer: 22
1 2 5  8 4 3  9 7 6
4 6 9  2 7 1  8 5 3
3 8 7  9 6 5  2 1 4

5 1 4  7 9 8  6 3 2
7 9 6  3 2 4  5 8 1
2 3 8  1 5 6  4 9 7

8 4 3  6 1 9  7 2 5
9 5 2  4 3 7  1 6 8
6 7 1  5 8 2  3 4 9
Answer: 23
2 1 5  8 4 3  9 7 6
6 4 9  2 7 1  8 5 3
8 3 7  9 6 5  2 1 4

5 2 4  7 9 8  6 3 1
1 9 6  3 2 4  5 8 7
3 7 8  1 5 6  4 9 2

4 5 3  6 1 9  7 2 8
9 8 2  4 3 7  1 6 5
7 6 1  5 8 2  3 4 9
Answer: 24
1 2 5  8 4 3  9 7 6
4 6 9  2 7 1  8 5 3
3 8 7  9 6 5  2 1 4

2 5 4  7 9 8  6 3 1
9 1 6  3 2 4  5 8 7
7 3 8  1 5 6  4 9 2

5 4 3  6 1 9  7 2 8
8 9 2  4 3 7  1 6 5
6 7 1  5 8 2  3 4 9
Answer: 25
2 1 5  8 4 3  9 7 6
6 4 9  2 7 1  8 5 3
8 3 7  9 6 5  2 1 4

5 2 4  7 9 8  6 3 1
1 9 6  3 2 4  5 8 7
3 7 8  1 5 6  4 9 2

4 8 3  6 1 9  7 2 5
9 5 2  4 3 7  1 6 8
7 6 1  5 8 2  3 4 9
Answer: 26
1 2 5  8 4 3  9 7 6
6 4 9  2 7 1  8 5 3
8 3 7  9 6 5  2 1 4

2 5 4  7 9 8  6 3 1
9 1 6  3 2 4  5 8 7
3 7 8  1 5 6  4 9 2

4 8 3  6 1 9  7 2 5
5 9 2  4 3 7  1 6 8
7 6 1  5 8 2  3 4 9
Answer: 27
1 2 5  8 4 3  9 7 6
4 6 9  2 7 1  8 5 3
3 8 7  9 6 5  2 1 4

2 5 4  7 9 8  6 3 1
9 1 6  3 2 4  5 8 7
7 3 8  1 5 6  4 9 2

8 4 3  6 1 9  7 2 5
5 9 2  4 3 7  1 6 8
6 7 1  5 8 2  3 4 9
Answer: 28
2 1 5  8 4 3  9 7 6
4 6 9  2 7 1  8 5 3
3 8 7  9 6 5  2 1 4

5 2 4  7 9 8  6 3 1
1 9 6  3 2 4  5 8 7
7 3 8  1 5 6  4 9 2

8 4 3  6 1 9  7 2 5
9 5 2  4 3 7  1 6 8
6 7 1  5 8 2  3 4 9
SATISFIABLE

Models       : 28
Calls        : 1
Time         : 0.048s (Solving: 0.04s 1st Model: 0.00s Unsat: 0.00s)
CPU Time     : 0.048s