clingo version 5.6.2
Reading from ./instances/lp/ex14.lp
Solving...
Answer: 1
3 5 9  1 2 8  4 7 6
1 7 4  5 6 9  2 8 3
8 2 6  7 4 3  1 5 9

9 1 2  4 8 5  6 3 7
5 6 8  2 3 7  9 4 1
4 3 7  9 1 6  5 2 8

2 8 1  6 7 4  3 9 5
7 4 5  3 9 1  8 6 2
6 9 3  8 5 2  7 1 4
Answer: 2
3 5 9  1 2 8  4 7 6
1 7 4  5 6 9  2 8 3
2 8 6  7 4 3  1 5 9

9 1 2  4 8 5  6 3 7
5 6 8  2 3 7  9 4 1
4 3 7  9 1 6  5 2 8

8 2 1  6 7 4  3 9 5
7 4 5  3 9 1  8 6 2
6 9 3  8 5 2  7 1 4
Answer: 3
3 7 9  1 2 8  4 5 6
1 8 4  5 6 9  2 7 3
2 5 6  7 4 3  1 8 9

9 1 2  4 8 5  6 3 7
5 6 8  2 3 7  9 4 1
4 3 7  9 1 6  5 2 8

8 2 1  6 7 4  3 9 5
7 4 5  3 9 1  8 6 2
6 9 3  8 5 2  7 1 4
Answer: 4
3 5 9  1 2 8  4 6 7
1 7 4  5 6 9  2 3 8
2 8 6  7 4 3  1 5 9

9 1 2  4 8 5  6 7 3
5 6 8  2 3 7  9 4 1
4 3 7  9 1 6  5 8 2

8 2 1  6 7 4  3 9 5
7 4 5  3 9 1  8 2 6
6 9 3  8 5 2  7 1 4
Answer: 5
3 5 9  1 2 8  4 6 7
1 7 4  5 6 9  2 3 8
8 2 6  7 4 3  1 5 9

9 1 2  4 8 5  6 7 3
5 6 8  2 3 7  9 4 1
4 3 7  9 1 6  5 8 2

2 8 1  6 7 4  3 9 5
7 4 5  3 9 1  8 2 6
6 9 3  8 5 2  7 1 4
Answer: 6
3 7 9  1 2 8  4 5 6
1 8 4  5 6 9  2 3 7
2 5 6  7 4 3  1 8 9

9 1 2  4 8 5  6 7 3
5 6 8  2 3 7  9 4 1
4 3 7  9 1 6  5 2 8

8 2 1  6 7 4  3 9 5
7 4 5  3 9 1  8 6 2
6 9 3  8 5 2  7 1 4
Answer: 7
3 7 9  1 2 8  4 5 6
1 8 4  5 6 9  2 7 3
2 5 6  7 4 3  1 9 8

9 1 2  4 8 5  6 3 7
5 6 8  2 3 7  9 4 1
4 3 7  9 1 6  5 8 2

8 9 1  6 7 4  3 2 5
7 2 5  3 9 1  8 6 4
6 4 3  8 5 2  7 1 9
Answer: 8
3 7 9  1 2 8  4 5 6
1 8 4  5 6 9  2 3 7
2 5 6  7 4 3  1 9 8

9 1 2  4 8 5  6 7 3
5 6 8  2 3 7  9 4 1
4 3 7  9 1 6  5 8 2

8 9 1  6 7 4  3 2 5
7 2 5  3 9 1  8 6 4
6 4 3  8 5 2  7 1 9
Answer: 9
3 5 9  1 2 8  4 7 6
1 7 4  5 6 9  2 8 3
2 8 6  7 4 3  1 9 5

9 1 2  4 8 5  6 3 7
5 6 8  2 3 7  9 4 1
4 3 7  9 1 6  5 2 8

8 9 1  6 7 4  3 5 2
7 2 5  3 9 1  8 6 4
6 4 3  8 5 2  7 1 9
Answer: 10
3 5 9  1 2 8  4 7 6
1 7 4  5 6 9  2 8 3
2 8 6  7 4 3  1 9 5

9 1 2  4 8 5  6 3 7
5 6 8  2 3 7  9 4 1
4 3 7  9 1 6  5 2 8

8 2 1  6 7 4  3 5 9
7 4 5  3 9 1  8 6 2
6 9 3  8 5 2  7 1 4
Answer: 11
3 7 9  1 2 8  4 6 5
1 8 4  5 6 9  2 3 7
2 5 6  7 4 3  1 9 8

9 1 2  4 8 5  6 7 3
5 6 8  2 3 7  9 4 1
4 3 7  9 1 6  5 8 2

8 2 1  6 7 4  3 5 9
7 4 5  3 9 1  8 2 6
6 9 3  8 5 2  7 1 4
Answer: 12
3 5 9  1 2 8  4 6 7
1 7 4  5 6 9  2 3 8
2 8 6  7 4 3  1 9 5

9 1 2  4 8 5  6 7 3
5 6 8  2 3 7  9 4 1
4 3 7  9 1 6  5 8 2

8 2 1  6 7 4  3 5 9
7 4 5  3 9 1  8 2 6
6 9 3  8 5 2  7 1 4
Answer: 13
3 7 9  1 2 8  4 6 5
1 8 4  5 6 9  2 7 3
2 5 6  7 4 3  1 9 8

9 1 2  4 8 5  6 3 7
5 6 8  2 3 7  9 4 1
4 3 7  9 1 6  5 8 2

8 2 1  6 7 4  3 5 9
7 4 5  3 9 1  8 2 6
6 9 3  8 5 2  7 1 4
Answer: 14
3 5 9  1 2 8  4 6 7
1 7 4  5 6 9  2 3 8
8 2 6  7 4 3  1 9 5

9 1 2  4 8 5  6 7 3
5 6 8  2 3 7  9 4 1
4 3 7  9 1 6  5 8 2

2 8 1  6 7 4  3 5 9
7 4 5  3 9 1  8 2 6
6 9 3  8 5 2  7 1 4
Answer: 15
3 5 9  1 2 8  4 7 6
1 7 4  5 6 9  2 8 3
8 2 6  7 4 3  1 9 5

9 1 2  4 8 5  6 3 7
5 6 8  2 3 7  9 4 1
4 3 7  9 1 6  5 2 8

2 8 1  6 7 4  3 5 9
7 4 5  3 9 1  8 6 2
6 9 3  8 5 2  7 1 4
Answer: 16
3 7 9  1 2 8  4 5 6
8 1 4  5 6 9  2 3 7
2 5 6  7 4 3  1 9 8

1 9 2  4 8 5  6 7 3
5 6 8  2 3 7  9 4 1
4 3 7  9 1 6  5 8 2

9 8 1  6 7 4  3 2 5
7 2 5  3 9 1  8 6 4
6 4 3  8 5 2  7 1 9
Answer: 17
3 5 9  1 2 8  4 6 7
7 1 4  5 6 9  2 3 8
2 8 6  7 4 3  1 9 5

1 9 2  4 8 5  6 7 3
5 6 8  2 3 7  9 4 1
4 3 7  9 1 6  5 8 2

8 2 1  6 7 4  3 5 9
6 7 5  3 9 1  8 2 4
9 4 3  8 5 2  7 1 6
Answer: 18
3 5 9  1 2 8  4 6 7
7 1 4  5 6 9  2 3 8
2 8 6  7 4 3  1 5 9

1 9 2  4 8 5  6 7 3
5 6 8  2 3 7  9 4 1
4 3 7  9 1 6  5 8 2

8 2 1  6 7 4  3 9 5
6 7 5  3 9 1  8 2 4
9 4 3  8 5 2  7 1 6
Answer: 19
7 5 9  1 2 8  4 3 6
3 1 4  5 6 9  2 8 7
8 2 6  7 4 3  1 9 5

1 9 2  4 8 5  6 7 3
5 6 8  2 3 7  9 4 1
4 3 7  9 1 6  5 2 8

9 8 1  6 7 4  3 5 2
2 7 5  3 9 1  8 6 4
6 4 3  8 5 2  7 1 9
Answer: 20
3 5 9  1 2 8  4 6 7
7 1 4  5 6 9  2 3 8
8 2 6  7 4 3  1 9 5

1 9 2  4 8 5  6 7 3
5 6 8  2 3 7  9 4 1
4 3 7  9 1 6  5 8 2

2 8 1  6 7 4  3 5 9
6 7 5  3 9 1  8 2 4
9 4 3  8 5 2  7 1 6
Answer: 21
3 5 9  1 2 8  4 6 7
7 1 4  5 6 9  2 3 8
8 2 6  7 4 3  1 5 9

1 9 2  4 8 5  6 7 3
5 6 8  2 3 7  9 4 1
4 3 7  9 1 6  5 8 2

2 8 1  6 7 4  3 9 5
6 7 5  3 9 1  8 2 4
9 4 3  8 5 2  7 1 6
Answer: 22
3 7 9  1 2 8  4 5 6
8 1 4  5 6 9  2 7 3
2 5 6  7 4 3  1 9 8

1 9 2  4 8 5  6 3 7
5 6 8  2 3 7  9 4 1
4 3 7  9 1 6  5 8 2

9 8 1  6 7 4  3 2 5
7 2 5  3 9 1  8 6 4
6 4 3  8 5 2  7 1 9
Answer: 23
3 5 9  1 2 8  4 7 6
7 1 4  5 6 9  2 8 3
8 2 6  7 4 3  1 9 5

1 9 2  4 8 5  6 3 7
5 6 8  2 3 7  9 4 1
4 3 7  9 1 6  5 2 8

9 8 1  6 7 4  3 5 2
2 7 5  3 9 1  8 6 4
6 4 3  8 5 2  7 1 9
Answer: 24
7 5 9  1 2 8  4 6 3
3 1 4  5 6 9  2 7 8
8 2 6  7 4 3  1 5 9

1 9 2  4 8 5  6 3 7
5 6 8  2 3 7  9 4 1
4 3 7  9 1 6  5 8 2

2 8 1  6 7 4  3 9 5
6 7 5  3 9 1  8 2 4
9 4 3  8 5 2  7 1 6
Answer: 25
7 5 9  1 2 8  4 6 3
3 1 4  5 6 9  2 7 8
2 8 6  7 4 3  1 5 9

1 9 2  4 8 5  6 3 7
5 6 8  2 3 7  9 4 1
4 3 7  9 1 6  5 8 2

8 2 1  6 7 4  3 9 5
6 7 5  3 9 1  8 2 4
9 4 3  8 5 2  7 1 6
Answer: 26
7 5 9  1 2 8  4 6 3
3 1 4  5 6 9  2 7 8
8 2 6  7 4 3  1 9 5

1 9 2  4 8 5  6 3 7
5 6 8  2 3 7  9 4 1
4 3 7  9 1 6  5 8 2

2 8 1  6 7 4  3 5 9
6 7 5  3 9 1  8 2 4
9 4 3  8 5 2  7 1 6
Answer: 27
7 5 9  1 2 8  4 6 3
3 1 4  5 6 9  2 7 8
2 8 6  7 4 3  1 9 5

1 9 2  4 8 5  6 3 7
5 6 8  2 3 7  9 4 1
4 3 7  9 1 6  5 8 2

8 2 1  6 7 4  3 5 9
6 7 5  3 9 1  8 2 4
9 4 3  8 5 2  7 1 6
Answer: 28
3 7 9  1 2 8  4 5 6
8 1 4  5 6 9  2 7 3
5 2 6  7 4 3  1 8 9

1 9 2  4 8 5  6 3 7
6 5 8  2 3 7  9 4 1
4 3 7  9 1 6  5 2 8

2 8 1  6 7 4  3 9 5
7 4 5  3 9 1  8 6 2
9 6 3  8 5 2  7 1 4
Answer: 29
5 7 9  1 2 8  4 3 6
3 1 4  5 6 9  2 8 7
8 2 6  7 4 3  1 5 9

1 9 2  4 8 5  6 7 3
6 5 8  2 3 7  9 4 1
4 3 7  9 1 6  5 2 8

2 8 1  6 7 4  3 9 5
7 4 5  3 9 1  8 6 2
9 6 3  8 5 2  7 1 4
Answer: 30
3 7 9  1 2 8  4 5 6
8 1 4  5 6 9  2 3 7
5 2 6  7 4 3  1 8 9

1 9 2  4 8 5  6 7 3
6 5 8  2 3 7  9 4 1
4 3 7  9 1 6  5 2 8

2 8 1  6 7 4  3 9 5
7 4 5  3 9 1  8 6 2
9 6 3  8 5 2  7 1 4
Answer: 31
5 7 9  1 2 8  4 3 6
3 1 4  5 6 9  2 8 7
8 2 6  7 4 3  1 9 5

1 9 2  4 8 5  6 7 3
6 5 8  2 3 7  9 4 1
4 3 7  9 1 6  5 2 8

2 8 1  6 7 4  3 5 9
7 4 5  3 9 1  8 6 2
9 6 3  8 5 2  7 1 4
Answer: 32
5 7 9  1 2 8  4 6 3
3 1 4  5 6 9  2 7 8
8 2 6  7 4 3  1 5 9

1 9 2  4 8 5  6 3 7
6 5 8  2 3 7  9 4 1
4 3 7  9 1 6  5 8 2

2 8 1  6 7 4  3 9 5
7 4 5  3 9 1  8 2 6
9 6 3  8 5 2  7 1 4
Answer: 33
5 7 9  1 2 8  4 6 3
3 1 4  5 6 9  2 7 8
8 2 6  7 4 3  1 5 9

1 9 2  4 8 5  6 3 7
6 5 8  2 3 7  9 4 1
4 3 7  9 1 6  5 8 2

2 8 1  6 7 4  3 9 5
7 6 5  3 9 1  8 2 4
9 4 3  8 5 2  7 1 6
Answer: 34
3 7 9  1 2 8  4 6 5
8 1 4  5 6 9  2 3 7
5 2 6  7 4 3  1 9 8

1 9 2  4 8 5  6 7 3
6 5 8  2 3 7  9 4 1
4 3 7  9 1 6  5 8 2

2 8 1  6 7 4  3 5 9
7 4 5  3 9 1  8 2 6
9 6 3  8 5 2  7 1 4
Answer: 35
3 7 9  1 2 8  4 6 5
8 1 4  5 6 9  2 3 7
5 2 6  7 4 3  1 9 8

1 9 2  4 8 5  6 7 3
6 5 8  2 3 7  9 4 1
4 3 7  9 1 6  5 8 2

2 8 1  6 7 4  3 5 9
7 6 5  3 9 1  8 2 4
9 4 3  8 5 2  7 1 6
Answer: 36
5 7 9  1 2 8  4 6 3
3 1 4  5 6 9  2 7 8
8 2 6  7 4 3  1 9 5

1 9 2  4 8 5  6 3 7
6 5 8  2 3 7  9 4 1
4 3 7  9 1 6  5 8 2

2 8 1  6 7 4  3 5 9
7 4 5  3 9 1  8 2 6
9 6 3  8 5 2  7 1 4
Answer: 37
3 7 9  1 2 8  4 6 5
8 1 4  5 6 9  2 7 3
5 2 6  7 4 3  1 9 8

1 9 2  4 8 5  6 3 7
6 5 8  2 3 7  9 4 1
4 3 7  9 1 6  5 8 2

2 8 1  6 7 4  3 5 9
7 4 5  3 9 1  8 2 6
9 6 3  8 5 2  7 1 4
Answer: 38
5 7 9  1 2 8  4 6 3
3 1 4  5 6 9  2 7 8
8 2 6  7 4 3  1 9 5

1 9 2  4 8 5  6 3 7
6 5 8  2 3 7  9 4 1
4 3 7  9 1 6  5 8 2

2 8 1  6 7 4  3 5 9
7 6 5  3 9 1  8 2 4
9 4 3  8 5 2  7 1 6
Answer: 39
3 7 9  1 2 8  4 6 5
8 1 4  5 6 9  2 7 3
5 2 6  7 4 3  1 9 8

1 9 2  4 8 5  6 3 7
6 5 8  2 3 7  9 4 1
4 3 7  9 1 6  5 8 2

2 8 1  6 7 4  3 5 9
7 6 5  3 9 1  8 2 4
9 4 3  8 5 2  7 1 6
Answer: 40
5 7 9  1 2 8  4 3 6
3 1 4  5 6 9  2 8 7
2 8 6  7 4 3  1 5 9

1 9 2  4 8 5  6 7 3
6 5 8  2 3 7  9 4 1
4 3 7  9 1 6  5 2 8

8 2 1  6 7 4  3 9 5
7 4 5  3 9 1  8 6 2
9 6 3  8 5 2  7 1 4
Answer: 41
5 7 9  1 2 8  4 3 6
3 1 4  5 6 9  2 8 7
2 8 6  7 4 3  1 9 5

1 9 2  4 8 5  6 7 3
6 5 8  2 3 7  9 4 1
4 3 7  9 1 6  5 2 8

8 2 1  6 7 4  3 5 9
7 4 5  3 9 1  8 6 2
9 6 3  8 5 2  7 1 4
Answer: 42
5 7 9  1 2 8  4 6 3
3 1 4  5 6 9  2 7 8
2 8 6  7 4 3  1 5 9

1 9 2  4 8 5  6 3 7
6 5 8  2 3 7  9 4 1
4 3 7  9 1 6  5 8 2

8 2 1  6 7 4  3 9 5
7 4 5  3 9 1  8 2 6
9 6 3  8 5 2  7 1 4
Answer: 43
5 7 9  1 2 8  4 6 3
3 1 4  5 6 9  2 7 8
2 8 6  7 4 3  1 5 9

1 9 2  4 8 5  6 3 7
6 5 8  2 3 7  9 4 1
4 3 7  9 1 6  5 8 2

8 2 1  6 7 4  3 9 5
7 6 5  3 9 1  8 2 4
9 4 3  8 5 2  7 1 6
Answer: 44
5 7 9  1 2 8  4 6 3
3 1 4  5 6 9  2 7 8
2 8 6  7 4 3  1 9 5

1 9 2  4 8 5  6 3 7
6 5 8  2 3 7  9 4 1
4 3 7  9 1 6  5 8 2

8 2 1  6 7 4  3 5 9
7 4 5  3 9 1  8 2 6
9 6 3  8 5 2  7 1 4
Answer: 45
5 7 9  1 2 8  4 6 3
3 1 4  5 6 9  2 7 8
2 8 6  7 4 3  1 9 5

1 9 2  4 8 5  6 3 7
6 5 8  2 3 7  9 4 1
4 3 7  9 1 6  5 8 2

8 2 1  6 7 4  3 5 9
7 6 5  3 9 1  8 2 4
9 4 3  8 5 2  7 1 6
Answer: 46
3 7 9  1 2 8  4 6 5
8 1 4  5 6 9  2 7 3
2 5 6  7 4 3  1 8 9

1 9 2  4 8 5  6 3 7
5 6 8  2 3 7  9 1 4
4 3 7  9 1 6  5 2 8

9 8 1  6 7 4  3 5 2
7 2 5  3 9 1  8 4 6
6 4 3  8 5 2  7 9 1
Answer: 47
3 5 9  1 2 8  4 7 6
7 1 4  5 6 9  2 8 3
8 2 6  7 4 3  1 5 9

1 9 2  4 8 5  6 3 7
5 6 8  2 3 7  9 1 4
4 3 7  9 1 6  5 2 8

2 8 1  6 7 4  3 9 5
6 7 5  3 9 1  8 4 2
9 4 3  8 5 2  7 6 1
Answer: 48
3 5 9  1 2 8  4 7 6
7 1 4  5 6 9  2 8 3
8 2 6  7 4 3  1 9 5

1 9 2  4 8 5  6 3 7
5 6 8  2 3 7  9 1 4
4 3 7  9 1 6  5 2 8

2 8 1  6 7 4  3 5 9
6 7 5  3 9 1  8 4 2
9 4 3  8 5 2  7 6 1
Answer: 49
7 5 9  1 2 8  4 6 3
3 1 4  5 6 9  2 7 8
8 2 6  7 4 3  1 5 9

1 9 2  4 8 5  6 3 7
5 6 8  2 3 7  9 1 4
4 3 7  9 1 6  5 8 2

9 8 1  6 7 4  3 2 5
2 7 5  3 9 1  8 4 6
6 4 3  8 5 2  7 9 1
Answer: 50
3 5 9  1 2 8  4 7 6
7 1 4  5 6 9  2 8 3
2 8 6  7 4 3  1 5 9

1 9 2  4 8 5  6 3 7
5 6 8  2 3 7  9 1 4
4 3 7  9 1 6  5 2 8

8 2 1  6 7 4  3 9 5
6 7 5  3 9 1  8 4 2
9 4 3  8 5 2  7 6 1
Answer: 51
3 5 9  1 2 8  4 7 6
7 1 4  5 6 9  2 8 3
2 8 6  7 4 3  1 9 5

1 9 2  4 8 5  6 3 7
5 6 8  2 3 7  9 1 4
4 3 7  9 1 6  5 2 8

8 2 1  6 7 4  3 5 9
6 7 5  3 9 1  8 4 2
9 4 3  8 5 2  7 6 1
Answer: 52
3 5 9  1 2 8  4 7 6
1 7 4  5 6 9  2 8 3
8 2 6  7 4 3  1 5 9

9 1 2  4 8 5  6 3 7
5 6 8  2 3 7  9 1 4
4 3 7  9 1 6  5 2 8

2 8 1  6 7 4  3 9 5
7 4 5  3 9 1  8 6 2
6 9 3  8 5 2  7 4 1
Answer: 53
3 7 9  1 2 8  4 5 6
1 8 4  5 6 9  2 7 3
2 5 6  7 4 3  1 8 9

9 1 2  4 8 5  6 3 7
5 6 8  2 3 7  9 1 4
4 3 7  9 1 6  5 2 8

8 2 1  6 7 4  3 9 5
7 4 5  3 9 1  8 6 2
6 9 3  8 5 2  7 4 1
Answer: 54
3 5 9  1 2 8  4 7 6
1 7 4  5 6 9  2 8 3
2 8 6  7 4 3  1 5 9

9 1 2  4 8 5  6 3 7
5 6 8  2 3 7  9 1 4
4 3 7  9 1 6  5 2 8

8 2 1  6 7 4  3 9 5
7 4 5  3 9 1  8 6 2
6 9 3  8 5 2  7 4 1
Answer: 55
3 7 9  1 2 8  4 6 5
1 8 4  5 6 9  2 7 3
2 5 6  7 4 3  1 9 8

9 1 2  4 8 5  6 3 7
5 6 8  2 3 7  9 1 4
4 3 7  9 1 6  5 8 2

8 2 1  6 7 4  3 5 9
7 4 5  3 9 1  8 2 6
6 9 3  8 5 2  7 4 1
Answer: 56
3 5 9  1 2 8  4 7 6
1 7 4  5 6 9  2 8 3
8 2 6  7 4 3  1 9 5

9 1 2  4 8 5  6 3 7
5 6 8  2 3 7  9 1 4
4 3 7  9 1 6  5 2 8

2 8 1  6 7 4  3 5 9
7 4 5  3 9 1  8 6 2
6 9 3  8 5 2  7 4 1
Answer: 57
3 5 9  1 2 8  4 7 6
1 7 4  5 6 9  2 8 3
2 8 6  7 4 3  1 9 5

9 1 2  4 8 5  6 3 7
5 6 8  2 3 7  9 1 4
4 3 7  9 1 6  5 2 8

8 2 1  6 7 4  3 5 9
7 4 5  3 9 1  8 6 2
6 9 3  8 5 2  7 4 1
Answer: 58
3 7 9  1 2 8  4 6 5
1 8 4  5 6 9  2 7 3
2 5 6  7 4 3  1 8 9

9 1 2  4 8 5  6 3 7
5 6 8  2 3 7  9 1 4
4 3 7  9 1 6  5 2 8

8 9 1  6 7 4  3 5 2
7 2 5  3 9 1  8 4 6
6 4 3  8 5 2  7 9 1
Answer: 59
5 7 9  1 2 8  4 6 3
3 1 4  5 6 9  2 7 8
8 2 6  7 4 3  1 9 5

1 9 2  4 8 5  6 3 7
6 5 8  2 3 7  9 1 4
4 3 7  9 1 6  5 8 2

2 8 1  6 7 4  3 5 9
7 4 5  3 9 1  8 2 6
9 6 3  8 5 2  7 4 1
Answer: 60
3 7 9  1 2 8  4 6 5
8 1 4  5 6 9  2 7 3
5 2 6  7 4 3  1 9 8

1 9 2  4 8 5  6 3 7
6 5 8  2 3 7  9 1 4
4 3 7  9 1 6  5 8 2

2 8 1  6 7 4  3 5 9
7 4 5  3 9 1  8 2 6
9 6 3  8 5 2  7 4 1
Answer: 61
3 7 9  1 2 8  4 5 6
8 1 4  5 6 9  2 7 3
5 2 6  7 4 3  1 8 9

1 9 2  4 8 5  6 3 7
6 5 8  2 3 7  9 1 4
4 3 7  9 1 6  5 2 8

2 8 1  6 7 4  3 9 5
7 4 5  3 9 1  8 6 2
9 6 3  8 5 2  7 4 1
Answer: 62
3 7 9  1 2 8  4 5 6
8 1 4  5 6 9  2 7 3
5 2 6  7 4 3  1 8 9

1 9 2  4 8 5  6 3 7
6 5 8  2 3 7  9 1 4
4 3 7  9 1 6  5 2 8

2 8 1  6 7 4  3 9 5
7 6 5  3 9 1  8 4 2
9 4 3  8 5 2  7 6 1
Answer: 63
5 7 9  1 2 8  4 6 3
3 1 4  5 6 9  2 7 8
8 2 6  7 4 3  1 5 9

1 9 2  4 8 5  6 3 7
6 5 8  2 3 7  9 1 4
4 3 7  9 1 6  5 8 2

2 8 1  6 7 4  3 9 5
7 4 5  3 9 1  8 2 6
9 6 3  8 5 2  7 4 1
Answer: 64
5 7 9  1 2 8  4 6 3
3 1 4  5 6 9  2 7 8
2 8 6  7 4 3  1 9 5

1 9 2  4 8 5  6 3 7
6 5 8  2 3 7  9 1 4
4 3 7  9 1 6  5 8 2

8 2 1  6 7 4  3 5 9
7 4 5  3 9 1  8 2 6
9 6 3  8 5 2  7 4 1
Answer: 65
5 7 9  1 2 8  4 6 3
3 1 4  5 6 9  2 7 8
2 8 6  7 4 3  1 5 9

1 9 2  4 8 5  6 3 7
6 5 8  2 3 7  9 1 4
4 3 7  9 1 6  5 8 2

8 2 1  6 7 4  3 9 5
7 4 5  3 9 1  8 2 6
9 6 3  8 5 2  7 4 1
Answer: 66
7 5 9  1 2 8  4 3 6
3 1 4  5 6 9  2 8 7
2 8 6  7 4 3  1 9 5

1 9 2  4 8 5  6 7 3
5 6 8  2 3 7  9 1 4
4 3 7  9 1 6  5 2 8

8 2 1  6 7 4  3 5 9
6 7 5  3 9 1  8 4 2
9 4 3  8 5 2  7 6 1
Answer: 67
3 7 9  1 2 8  4 6 5
1 8 4  5 6 9  2 3 7
2 5 6  7 4 3  1 9 8

9 1 2  4 8 5  6 7 3
5 6 8  2 3 7  9 1 4
4 3 7  9 1 6  5 8 2

8 2 1  6 7 4  3 5 9
7 4 5  3 9 1  8 2 6
6 9 3  8 5 2  7 4 1
Answer: 68
3 5 9  1 2 8  4 6 7
1 7 4  5 6 9  2 3 8
2 8 6  7 4 3  1 9 5

9 1 2  4 8 5  6 7 3
5 6 8  2 3 7  9 1 4
4 3 7  9 1 6  5 8 2

8 2 1  6 7 4  3 5 9
7 4 5  3 9 1  8 2 6
6 9 3  8 5 2  7 4 1
Answer: 69
5 7 9  1 2 8  4 3 6
3 1 4  5 6 9  2 8 7
2 8 6  7 4 3  1 9 5

1 9 2  4 8 5  6 7 3
6 5 8  2 3 7  9 1 4
4 3 7  9 1 6  5 2 8

8 2 1  6 7 4  3 5 9
7 6 5  3 9 1  8 4 2
9 4 3  8 5 2  7 6 1
Answer: 70
5 7 9  1 2 8  4 3 6
3 1 4  5 6 9  2 8 7
2 8 6  7 4 3  1 9 5

1 9 2  4 8 5  6 7 3
6 5 8  2 3 7  9 1 4
4 3 7  9 1 6  5 2 8

8 2 1  6 7 4  3 5 9
7 4 5  3 9 1  8 6 2
9 6 3  8 5 2  7 4 1
Answer: 71
7 5 9  1 2 8  4 3 6
3 1 4  5 6 9  2 8 7
8 2 6  7 4 3  1 9 5

1 9 2  4 8 5  6 7 3
5 6 8  2 3 7  9 1 4
4 3 7  9 1 6  5 2 8

2 8 1  6 7 4  3 5 9
6 7 5  3 9 1  8 4 2
9 4 3  8 5 2  7 6 1
Answer: 72
5 7 9  1 2 8  4 3 6
3 1 4  5 6 9  2 8 7
8 2 6  7 4 3  1 9 5

1 9 2  4 8 5  6 7 3
6 5 8  2 3 7  9 1 4
4 3 7  9 1 6  5 2 8

2 8 1  6 7 4  3 5 9
7 4 5  3 9 1  8 6 2
9 6 3  8 5 2  7 4 1
Answer: 73
5 7 9  1 2 8  4 3 6
3 1 4  5 6 9  2 8 7
8 2 6  7 4 3  1 9 5

1 9 2  4 8 5  6 7 3
6 5 8  2 3 7  9 1 4
4 3 7  9 1 6  5 2 8

2 8 1  6 7 4  3 5 9
7 6 5  3 9 1  8 4 2
9 4 3  8 5 2  7 6 1
Answer: 74
3 5 9  1 2 8  4 6 7
1 7 4  5 6 9  2 3 8
8 2 6  7 4 3  1 9 5

9 1 2  4 8 5  6 7 3
5 6 8  2 3 7  9 1 4
4 3 7  9 1 6  5 8 2

2 8 1  6 7 4  3 5 9
7 4 5  3 9 1  8 2 6
6 9 3  8 5 2  7 4 1
Answer: 75
3 7 9  1 2 8  4 6 5
8 1 4  5 6 9  2 3 7
5 2 6  7 4 3  1 9 8

1 9 2  4 8 5  6 7 3
6 5 8  2 3 7  9 1 4
4 3 7  9 1 6  5 8 2

2 8 1  6 7 4  3 5 9
7 4 5  3 9 1  8 2 6
9 6 3  8 5 2  7 4 1
Answer: 76
3 7 9  1 2 8  4 6 5
1 8 4  5 6 9  2 3 7
2 5 6  7 4 3  1 8 9

9 1 2  4 8 5  6 7 3
5 6 8  2 3 7  9 1 4
4 3 7  9 1 6  5 2 8

8 9 1  6 7 4  3 5 2
7 2 5  3 9 1  8 4 6
6 4 3  8 5 2  7 9 1
Answer: 77
3 7 9  1 2 8  4 6 5
8 1 4  5 6 9  2 3 7
2 5 6  7 4 3  1 8 9

1 9 2  4 8 5  6 7 3
5 6 8  2 3 7  9 1 4
4 3 7  9 1 6  5 2 8

9 8 1  6 7 4  3 5 2
7 2 5  3 9 1  8 4 6
6 4 3  8 5 2  7 9 1
Answer: 78
3 7 9  1 2 8  4 5 6
1 8 4  5 6 9  2 3 7
2 5 6  7 4 3  1 8 9

9 1 2  4 8 5  6 7 3
5 6 8  2 3 7  9 1 4
4 3 7  9 1 6  5 2 8

8 2 1  6 7 4  3 9 5
7 4 5  3 9 1  8 6 2
6 9 3  8 5 2  7 4 1
Answer: 79
3 5 9  1 2 8  4 6 7
1 7 4  5 6 9  2 3 8
2 8 6  7 4 3  1 5 9

9 1 2  4 8 5  6 7 3
5 6 8  2 3 7  9 1 4
4 3 7  9 1 6  5 8 2

8 9 1  6 7 4  3 2 5
7 2 5  3 9 1  8 4 6
6 4 3  8 5 2  7 9 1
Answer: 80
3 5 9  1 2 8  4 6 7
1 7 4  5 6 9  2 3 8
2 8 6  7 4 3  1 5 9

9 1 2  4 8 5  6 7 3
5 6 8  2 3 7  9 1 4
4 3 7  9 1 6  5 8 2

8 2 1  6 7 4  3 9 5
7 4 5  3 9 1  8 2 6
6 9 3  8 5 2  7 4 1
Answer: 81
3 5 9  1 2 8  4 6 7
1 7 4  5 6 9  2 3 8
8 2 6  7 4 3  1 5 9

9 1 2  4 8 5  6 7 3
5 6 8  2 3 7  9 1 4
4 3 7  9 1 6  5 8 2

2 8 1  6 7 4  3 9 5
7 4 5  3 9 1  8 2 6
6 9 3  8 5 2  7 4 1
Answer: 82
7 5 9  1 2 8  4 3 6
3 1 4  5 6 9  2 8 7
2 8 6  7 4 3  1 5 9

1 9 2  4 8 5  6 7 3
5 6 8  2 3 7  9 1 4
4 3 7  9 1 6  5 2 8

8 2 1  6 7 4  3 9 5
6 7 5  3 9 1  8 4 2
9 4 3  8 5 2  7 6 1
Answer: 83
5 7 9  1 2 8  4 3 6
3 1 4  5 6 9  2 8 7
2 8 6  7 4 3  1 5 9

1 9 2  4 8 5  6 7 3
6 5 8  2 3 7  9 1 4
4 3 7  9 1 6  5 2 8

8 2 1  6 7 4  3 9 5
7 6 5  3 9 1  8 4 2
9 4 3  8 5 2  7 6 1
Answer: 84
5 7 9  1 2 8  4 3 6
3 1 4  5 6 9  2 8 7
2 8 6  7 4 3  1 5 9

1 9 2  4 8 5  6 7 3
6 5 8  2 3 7  9 1 4
4 3 7  9 1 6  5 2 8

8 2 1  6 7 4  3 9 5
7 4 5  3 9 1  8 6 2
9 6 3  8 5 2  7 4 1
Answer: 85
7 5 9  1 2 8  4 3 6
3 1 4  5 6 9  2 8 7
8 2 6  7 4 3  1 5 9

1 9 2  4 8 5  6 7 3
5 6 8  2 3 7  9 1 4
4 3 7  9 1 6  5 2 8

2 8 1  6 7 4  3 9 5
6 7 5  3 9 1  8 4 2
9 4 3  8 5 2  7 6 1
Answer: 86
5 7 9  1 2 8  4 3 6
3 1 4  5 6 9  2 8 7
8 2 6  7 4 3  1 5 9

1 9 2  4 8 5  6 7 3
6 5 8  2 3 7  9 1 4
4 3 7  9 1 6  5 2 8

2 8 1  6 7 4  3 9 5
7 4 5  3 9 1  8 6 2
9 6 3  8 5 2  7 4 1
Answer: 87
3 7 9  1 2 8  4 5 6
8 1 4  5 6 9  2 3 7
5 2 6  7 4 3  1 8 9

1 9 2  4 8 5  6 7 3
6 5 8  2 3 7  9 1 4
4 3 7  9 1 6  5 2 8

2 8 1  6 7 4  3 9 5
7 4 5  3 9 1  8 6 2
9 6 3  8 5 2  7 4 1
Answer: 88
5 7 9  1 2 8  4 3 6
3 1 4  5 6 9  2 8 7
8 2 6  7 4 3  1 5 9

1 9 2  4 8 5  6 7 3
6 5 8  2 3 7  9 1 4
4 3 7  9 1 6  5 2 8

2 8 1  6 7 4  3 9 5
7 6 5  3 9 1  8 4 2
9 4 3  8 5 2  7 6 1
Answer: 89
3 7 9  1 2 8  4 5 6
8 1 4  5 6 9  2 3 7
5 2 6  7 4 3  1 8 9

1 9 2  4 8 5  6 7 3
6 5 8  2 3 7  9 1 4
4 3 7  9 1 6  5 2 8

2 8 1  6 7 4  3 9 5
7 6 5  3 9 1  8 4 2
9 4 3  8 5 2  7 6 1
Answer: 90
3 5 9  1 2 8  4 6 7
7 1 4  5 6 9  2 3 8
8 2 6  7 4 3  1 5 9

1 9 2  4 8 5  6 7 3
5 6 8  2 3 7  9 1 4
4 3 7  9 1 6  5 8 2

9 8 1  6 7 4  3 2 5
2 7 5  3 9 1  8 4 6
6 4 3  8 5 2  7 9 1
Answer: 91
5 3 9  1 2 8  4 7 6
1 7 4  5 6 9  2 8 3
2 8 6  7 4 3  1 9 5

9 1 2  4 8 5  6 3 7
6 5 8  2 3 7  9 4 1
3 4 7  9 1 6  5 2 8

8 9 1  6 7 4  3 5 2
7 2 5  3 9 1  8 6 4
4 6 3  8 5 2  7 1 9
Answer: 92
5 7 9  1 2 8  4 3 6
1 3 4  5 6 9  2 8 7
2 8 6  7 4 3  1 9 5

9 1 2  4 8 5  6 7 3
6 5 8  2 3 7  9 4 1
3 4 7  9 1 6  5 2 8

8 9 1  6 7 4  3 5 2
7 2 5  3 9 1  8 6 4
4 6 3  8 5 2  7 1 9
Answer: 93
5 7 9  1 2 8  4 6 3
1 3 4  5 6 9  2 7 8
2 8 6  7 4 3  1 9 5

9 1 2  4 8 5  6 3 7
6 5 8  2 3 7  9 4 1
3 4 7  9 1 6  5 8 2

8 2 1  6 7 4  3 5 9
7 6 5  3 9 1  8 2 4
4 9 3  8 5 2  7 1 6
Answer: 94
5 7 9  1 2 8  4 6 3
1 3 4  5 6 9  2 7 8
8 2 6  7 4 3  1 9 5

9 1 2  4 8 5  6 3 7
6 5 8  2 3 7  9 4 1
3 4 7  9 1 6  5 8 2

2 8 1  6 7 4  3 5 9
7 6 5  3 9 1  8 2 4
4 9 3  8 5 2  7 1 6
Answer: 95
5 7 9  1 2 8  4 6 3
1 3 4  5 6 9  2 7 8
2 8 6  7 4 3  1 5 9

9 1 2  4 8 5  6 3 7
6 5 8  2 3 7  9 4 1
3 4 7  9 1 6  5 8 2

8 2 1  6 7 4  3 9 5
7 6 5  3 9 1  8 2 4
4 9 3  8 5 2  7 1 6
Answer: 96
5 7 9  1 2 8  4 6 3
1 3 4  5 6 9  2 7 8
8 2 6  7 4 3  1 5 9

9 1 2  4 8 5  6 3 7
6 5 8  2 3 7  9 4 1
3 4 7  9 1 6  5 8 2

2 8 1  6 7 4  3 9 5
7 6 5  3 9 1  8 2 4
4 9 3  8 5 2  7 1 6
Answer: 97
5 3 9  1 2 8  4 6 7
1 7 4  5 6 9  2 3 8
2 8 6  7 4 3  1 9 5

9 1 2  4 8 5  6 7 3
6 5 8  2 3 7  9 4 1
3 4 7  9 1 6  5 8 2

8 2 1  6 7 4  3 5 9
7 6 5  3 9 1  8 2 4
4 9 3  8 5 2  7 1 6
Answer: 98
5 3 9  1 2 8  4 6 7
1 7 4  5 6 9  2 3 8
2 8 6  7 4 3  1 5 9

9 1 2  4 8 5  6 7 3
6 5 8  2 3 7  9 4 1
3 4 7  9 1 6  5 8 2

8 2 1  6 7 4  3 9 5
7 6 5  3 9 1  8 2 4
4 9 3  8 5 2  7 1 6
Answer: 99
5 3 9  1 2 8  4 6 7
1 7 4  5 6 9  2 3 8
8 2 6  7 4 3  1 9 5

9 1 2  4 8 5  6 7 3
6 5 8  2 3 7  9 4 1
3 4 7  9 1 6  5 8 2

2 8 1  6 7 4  3 5 9
7 6 5  3 9 1  8 2 4
4 9 3  8 5 2  7 1 6
Answer: 100
5 3 9  1 2 8  4 6 7
1 7 4  5 6 9  2 3 8
8 2 6  7 4 3  1 5 9

9 1 2  4 8 5  6 7 3
6 5 8  2 3 7  9 4 1
3 4 7  9 1 6  5 8 2

2 8 1  6 7 4  3 9 5
7 6 5  3 9 1  8 2 4
4 9 3  8 5 2  7 1 6
Answer: 101
5 3 9  1 2 8  4 7 6
7 1 4  5 6 9  2 8 3
8 2 6  7 4 3  1 9 5

1 9 2  4 8 5  6 3 7
6 5 8  2 3 7  9 4 1
3 4 7  9 1 6  5 2 8

9 8 1  6 7 4  3 5 2
2 7 5  3 9 1  8 6 4
4 6 3  8 5 2  7 1 9
Answer: 102
5 3 9  1 2 8  4 7 6
7 1 4  5 6 9  2 8 3
8 2 6  7 4 3  1 9 5

1 9 2  4 8 5  6 3 7
6 5 8  2 3 7  9 4 1
3 4 7  9 1 6  5 2 8

2 8 1  6 7 4  3 5 9
4 7 5  3 9 1  8 6 2
9 6 3  8 5 2  7 1 4
Answer: 103
5 3 9  1 2 8  4 7 6
7 1 4  5 6 9  2 8 3
2 8 6  7 4 3  1 9 5

1 9 2  4 8 5  6 3 7
6 5 8  2 3 7  9 4 1
3 4 7  9 1 6  5 2 8

8 2 1  6 7 4  3 5 9
4 7 5  3 9 1  8 6 2
9 6 3  8 5 2  7 1 4
Answer: 104
7 5 9  1 2 8  4 3 6
1 3 4  5 6 9  2 8 7
8 2 6  7 4 3  1 9 5

9 1 2  4 8 5  6 7 3
5 6 8  2 3 7  9 4 1
3 4 7  9 1 6  5 2 8

2 8 1  6 7 4  3 5 9
4 7 5  3 9 1  8 6 2
6 9 3  8 5 2  7 1 4
Answer: 105
7 5 9  1 2 8  4 3 6
1 3 4  5 6 9  2 8 7
2 8 6  7 4 3  1 9 5

9 1 2  4 8 5  6 7 3
5 6 8  2 3 7  9 4 1
3 4 7  9 1 6  5 2 8

8 2 1  6 7 4  3 5 9
4 7 5  3 9 1  8 6 2
6 9 3  8 5 2  7 1 4
Answer: 106
7 3 9  1 2 8  4 6 5
8 1 4  5 6 9  2 7 3
5 2 6  7 4 3  1 9 8

1 9 2  4 8 5  6 3 7
6 5 8  2 3 7  9 4 1
3 4 7  9 1 6  5 8 2

2 8 1  6 7 4  3 5 9
4 7 5  3 9 1  8 2 6
9 6 3  8 5 2  7 1 4
Answer: 107
5 3 9  1 2 8  4 6 7
7 1 4  5 6 9  2 3 8
8 2 6  7 4 3  1 9 5

1 9 2  4 8 5  6 7 3
6 5 8  2 3 7  9 4 1
3 4 7  9 1 6  5 8 2

2 8 1  6 7 4  3 5 9
4 7 5  3 9 1  8 2 6
9 6 3  8 5 2  7 1 4
Answer: 108
7 3 9  1 2 8  4 6 5
8 1 4  5 6 9  2 3 7
5 2 6  7 4 3  1 9 8

1 9 2  4 8 5  6 7 3
6 5 8  2 3 7  9 4 1
3 4 7  9 1 6  5 8 2

2 8 1  6 7 4  3 5 9
4 7 5  3 9 1  8 2 6
9 6 3  8 5 2  7 1 4
Answer: 109
7 5 9  1 2 8  4 6 3
1 3 4  5 6 9  2 7 8
8 2 6  7 4 3  1 9 5

9 1 2  4 8 5  6 3 7
5 6 8  2 3 7  9 4 1
3 4 7  9 1 6  5 8 2

2 8 1  6 7 4  3 5 9
4 7 5  3 9 1  8 2 6
6 9 3  8 5 2  7 1 4
Answer: 110
7 5 9  1 2 8  4 6 3
1 3 4  5 6 9  2 7 8
8 2 6  7 4 3  1 9 5

9 1 2  4 8 5  6 3 7
5 6 8  2 3 7  9 4 1
3 4 7  9 1 6  5 8 2

2 8 1  6 7 4  3 5 9
6 7 5  3 9 1  8 2 4
4 9 3  8 5 2  7 1 6
Answer: 111
5 3 9  1 2 8  4 6 7
7 1 4  5 6 9  2 3 8
2 8 6  7 4 3  1 9 5

1 9 2  4 8 5  6 7 3
6 5 8  2 3 7  9 4 1
3 4 7  9 1 6  5 8 2

8 2 1  6 7 4  3 5 9
4 7 5  3 9 1  8 2 6
9 6 3  8 5 2  7 1 4
Answer: 112
7 3 9  1 2 8  4 6 5
1 8 4  5 6 9  2 3 7
2 5 6  7 4 3  1 9 8

9 1 2  4 8 5  6 7 3
5 6 8  2 3 7  9 4 1
3 4 7  9 1 6  5 8 2

8 2 1  6 7 4  3 5 9
4 7 5  3 9 1  8 2 6
6 9 3  8 5 2  7 1 4
Answer: 113
7 3 9  1 2 8  4 6 5
1 8 4  5 6 9  2 3 7
2 5 6  7 4 3  1 9 8

9 1 2  4 8 5  6 7 3
5 6 8  2 3 7  9 4 1
3 4 7  9 1 6  5 8 2

8 2 1  6 7 4  3 5 9
6 7 5  3 9 1  8 2 4
4 9 3  8 5 2  7 1 6
Answer: 114
7 3 9  1 2 8  4 6 5
1 8 4  5 6 9  2 7 3
2 5 6  7 4 3  1 9 8

9 1 2  4 8 5  6 3 7
5 6 8  2 3 7  9 4 1
3 4 7  9 1 6  5 8 2

8 2 1  6 7 4  3 5 9
4 7 5  3 9 1  8 2 6
6 9 3  8 5 2  7 1 4
Answer: 115
7 5 9  1 2 8  4 6 3
1 3 4  5 6 9  2 7 8
2 8 6  7 4 3  1 9 5

9 1 2  4 8 5  6 3 7
5 6 8  2 3 7  9 4 1
3 4 7  9 1 6  5 8 2

8 2 1  6 7 4  3 5 9
4 7 5  3 9 1  8 2 6
6 9 3  8 5 2  7 1 4
Answer: 116
7 3 9  1 2 8  4 6 5
1 8 4  5 6 9  2 7 3
2 5 6  7 4 3  1 9 8

9 1 2  4 8 5  6 3 7
5 6 8  2 3 7  9 4 1
3 4 7  9 1 6  5 8 2

8 2 1  6 7 4  3 5 9
6 7 5  3 9 1  8 2 4
4 9 3  8 5 2  7 1 6
Answer: 117
7 5 9  1 2 8  4 6 3
1 3 4  5 6 9  2 7 8
2 8 6  7 4 3  1 9 5

9 1 2  4 8 5  6 3 7
5 6 8  2 3 7  9 4 1
3 4 7  9 1 6  5 8 2

8 2 1  6 7 4  3 5 9
6 7 5  3 9 1  8 2 4
4 9 3  8 5 2  7 1 6
Answer: 118
7 3 9  1 2 8  4 5 6
8 1 4  5 6 9  2 3 7
5 2 6  7 4 3  1 8 9

1 9 2  4 8 5  6 7 3
6 5 8  2 3 7  9 4 1
3 4 7  9 1 6  5 2 8

2 8 1  6 7 4  3 9 5
4 7 5  3 9 1  8 6 2
9 6 3  8 5 2  7 1 4
Answer: 119
7 3 9  1 2 8  4 5 6
8 1 4  5 6 9  2 7 3
5 2 6  7 4 3  1 8 9

1 9 2  4 8 5  6 3 7
6 5 8  2 3 7  9 4 1
3 4 7  9 1 6  5 2 8

2 8 1  6 7 4  3 9 5
4 7 5  3 9 1  8 6 2
9 6 3  8 5 2  7 1 4
Answer: 120
5 3 9  1 2 8  4 7 6
7 1 4  5 6 9  2 8 3
8 2 6  7 4 3  1 5 9

1 9 2  4 8 5  6 3 7
6 5 8  2 3 7  9 4 1
3 4 7  9 1 6  5 2 8

2 8 1  6 7 4  3 9 5
4 7 5  3 9 1  8 6 2
9 6 3  8 5 2  7 1 4
Answer: 121
5 3 9  1 2 8  4 7 6
7 1 4  5 6 9  2 8 3
2 8 6  7 4 3  1 5 9

1 9 2  4 8 5  6 3 7
6 5 8  2 3 7  9 4 1
3 4 7  9 1 6  5 2 8

8 2 1  6 7 4  3 9 5
4 7 5  3 9 1  8 6 2
9 6 3  8 5 2  7 1 4
Answer: 122
7 5 9  1 2 8  4 3 6
1 3 4  5 6 9  2 8 7
8 2 6  7 4 3  1 5 9

9 1 2  4 8 5  6 7 3
5 6 8  2 3 7  9 4 1
3 4 7  9 1 6  5 2 8

2 8 1  6 7 4  3 9 5
4 7 5  3 9 1  8 6 2
6 9 3  8 5 2  7 1 4
Answer: 123
7 5 9  1 2 8  4 3 6
1 3 4  5 6 9  2 8 7
2 8 6  7 4 3  1 5 9

9 1 2  4 8 5  6 7 3
5 6 8  2 3 7  9 4 1
3 4 7  9 1 6  5 2 8

8 2 1  6 7 4  3 9 5
4 7 5  3 9 1  8 6 2
6 9 3  8 5 2  7 1 4
Answer: 124
7 3 9  1 2 8  4 5 6
1 8 4  5 6 9  2 3 7
2 5 6  7 4 3  1 8 9

9 1 2  4 8 5  6 7 3
5 6 8  2 3 7  9 4 1
3 4 7  9 1 6  5 2 8

8 2 1  6 7 4  3 9 5
4 7 5  3 9 1  8 6 2
6 9 3  8 5 2  7 1 4
Answer: 125
7 3 9  1 2 8  4 5 6
1 8 4  5 6 9  2 7 3
2 5 6  7 4 3  1 8 9

9 1 2  4 8 5  6 3 7
5 6 8  2 3 7  9 4 1
3 4 7  9 1 6  5 2 8

8 2 1  6 7 4  3 9 5
4 7 5  3 9 1  8 6 2
6 9 3  8 5 2  7 1 4
Answer: 126
5 3 9  1 2 8  4 6 7
7 1 4  5 6 9  2 3 8
8 2 6  7 4 3  1 5 9

1 9 2  4 8 5  6 7 3
6 5 8  2 3 7  9 4 1
3 4 7  9 1 6  5 8 2

2 8 1  6 7 4  3 9 5
4 7 5  3 9 1  8 2 6
9 6 3  8 5 2  7 1 4
Answer: 127
5 3 9  1 2 8  4 6 7
7 1 4  5 6 9  2 3 8
2 8 6  7 4 3  1 5 9

1 9 2  4 8 5  6 7 3
6 5 8  2 3 7  9 4 1
3 4 7  9 1 6  5 8 2

8 2 1  6 7 4  3 9 5
4 7 5  3 9 1  8 2 6
9 6 3  8 5 2  7 1 4
Answer: 128
7 5 9  1 2 8  4 6 3
1 3 4  5 6 9  2 7 8
8 2 6  7 4 3  1 5 9

9 1 2  4 8 5  6 3 7
5 6 8  2 3 7  9 4 1
3 4 7  9 1 6  5 8 2

2 8 1  6 7 4  3 9 5
4 7 5  3 9 1  8 2 6
6 9 3  8 5 2  7 1 4
Answer: 129
7 5 9  1 2 8  4 6 3
1 3 4  5 6 9  2 7 8
8 2 6  7 4 3  1 5 9

9 1 2  4 8 5  6 3 7
5 6 8  2 3 7  9 4 1
3 4 7  9 1 6  5 8 2

2 8 1  6 7 4  3 9 5
6 7 5  3 9 1  8 2 4
4 9 3  8 5 2  7 1 6
Answer: 130
7 5 9  1 2 8  4 6 3
1 3 4  5 6 9  2 7 8
2 8 6  7 4 3  1 5 9

9 1 2  4 8 5  6 3 7
5 6 8  2 3 7  9 4 1
3 4 7  9 1 6  5 8 2

8 2 1  6 7 4  3 9 5
4 7 5  3 9 1  8 2 6
6 9 3  8 5 2  7 1 4
Answer: 131
7 5 9  1 2 8  4 6 3
1 3 4  5 6 9  2 7 8
2 8 6  7 4 3  1 5 9

9 1 2  4 8 5  6 3 7
5 6 8  2 3 7  9 4 1
3 4 7  9 1 6  5 8 2

8 2 1  6 7 4  3 9 5
6 7 5  3 9 1  8 2 4
4 9 3  8 5 2  7 1 6
Answer: 132
7 3 9  1 2 8  4 5 6
8 1 4  5 6 9  2 3 7
5 2 6  7 4 3  1 9 8

1 9 2  4 8 5  6 7 3
6 5 8  2 3 7  9 4 1
3 4 7  9 1 6  5 8 2

9 8 1  6 7 4  3 2 5
2 7 5  3 9 1  8 6 4
4 6 3  8 5 2  7 1 9
Answer: 133
7 3 9  1 2 8  4 5 6
1 8 4  5 6 9  2 3 7
5 2 6  7 4 3  1 9 8

9 1 2  4 8 5  6 7 3
6 5 8  2 3 7  9 4 1
3 4 7  9 1 6  5 8 2

8 9 1  6 7 4  3 2 5
2 7 5  3 9 1  8 6 4
4 6 3  8 5 2  7 1 9
Answer: 134
7 3 9  1 2 8  4 5 6
8 1 4  5 6 9  2 7 3
5 2 6  7 4 3  1 9 8

1 9 2  4 8 5  6 3 7
6 5 8  2 3 7  9 4 1
3 4 7  9 1 6  5 8 2

9 8 1  6 7 4  3 2 5
2 7 5  3 9 1  8 6 4
4 6 3  8 5 2  7 1 9
Answer: 135
7 3 9  1 2 8  4 5 6
1 8 4  5 6 9  2 7 3
5 2 6  7 4 3  1 9 8

9 1 2  4 8 5  6 3 7
6 5 8  2 3 7  9 4 1
3 4 7  9 1 6  5 8 2

8 9 1  6 7 4  3 2 5
2 7 5  3 9 1  8 6 4
4 6 3  8 5 2  7 1 9
Answer: 136
7 3 9  1 2 8  4 6 5
1 8 4  5 6 9  2 3 7
2 5 6  7 4 3  1 9 8

9 1 2  4 8 5  6 7 3
5 6 8  2 3 7  9 1 4
3 4 7  9 1 6  5 8 2

8 2 1  6 7 4  3 5 9
4 7 5  3 9 1  8 2 6
6 9 3  8 5 2  7 4 1
Answer: 137
7 5 9  1 2 8  4 6 3
1 3 4  5 6 9  2 7 8
8 2 6  7 4 3  1 9 5

9 1 2  4 8 5  6 3 7
5 6 8  2 3 7  9 1 4
3 4 7  9 1 6  5 8 2

2 8 1  6 7 4  3 5 9
4 7 5  3 9 1  8 2 6
6 9 3  8 5 2  7 4 1
Answer: 138
7 5 9  1 2 8  4 6 3
1 3 4  5 6 9  2 7 8
8 2 6  7 4 3  1 5 9

9 1 2  4 8 5  6 3 7
5 6 8  2 3 7  9 1 4
3 4 7  9 1 6  5 8 2

2 8 1  6 7 4  3 9 5
4 7 5  3 9 1  8 2 6
6 9 3  8 5 2  7 4 1
Answer: 139
7 5 9  1 2 8  4 6 3
1 3 4  5 6 9  2 7 8
2 8 6  7 4 3  1 9 5

9 1 2  4 8 5  6 3 7
5 6 8  2 3 7  9 1 4
3 4 7  9 1 6  5 8 2

8 2 1  6 7 4  3 5 9
4 7 5  3 9 1  8 2 6
6 9 3  8 5 2  7 4 1
Answer: 140
7 3 9  1 2 8  4 6 5
1 8 4  5 6 9  2 7 3
2 5 6  7 4 3  1 9 8

9 1 2  4 8 5  6 3 7
5 6 8  2 3 7  9 1 4
3 4 7  9 1 6  5 8 2

8 2 1  6 7 4  3 5 9
4 7 5  3 9 1  8 2 6
6 9 3  8 5 2  7 4 1
Answer: 141
7 5 9  1 2 8  4 6 3
1 3 4  5 6 9  2 7 8
2 8 6  7 4 3  1 5 9

9 1 2  4 8 5  6 3 7
5 6 8  2 3 7  9 1 4
3 4 7  9 1 6  5 8 2

8 2 1  6 7 4  3 9 5
4 7 5  3 9 1  8 2 6
6 9 3  8 5 2  7 4 1
Answer: 142
7 3 9  1 2 8  4 6 5
1 8 4  5 6 9  2 3 7
5 2 6  7 4 3  1 8 9

9 1 2  4 8 5  6 7 3
6 5 8  2 3 7  9 1 4
3 4 7  9 1 6  5 2 8

8 9 1  6 7 4  3 5 2
2 7 5  3 9 1  8 4 6
4 6 3  8 5 2  7 9 1
Answer: 143
7 3 9  1 2 8  4 6 5
1 8 4  5 6 9  2 7 3
5 2 6  7 4 3  1 8 9

9 1 2  4 8 5  6 3 7
6 5 8  2 3 7  9 1 4
3 4 7  9 1 6  5 2 8

8 9 1  6 7 4  3 5 2
2 7 5  3 9 1  8 4 6
4 6 3  8 5 2  7 9 1
Answer: 144
5 3 9  1 2 8  4 6 7
1 7 4  5 6 9  2 3 8
2 8 6  7 4 3  1 5 9

9 1 2  4 8 5  6 7 3
6 5 8  2 3 7  9 1 4
3 4 7  9 1 6  5 8 2

8 9 1  6 7 4  3 2 5
7 2 5  3 9 1  8 4 6
4 6 3  8 5 2  7 9 1
Answer: 145
5 7 9  1 2 8  4 6 3
1 3 4  5 6 9  2 7 8
2 8 6  7 4 3  1 5 9

9 1 2  4 8 5  6 3 7
6 5 8  2 3 7  9 1 4
3 4 7  9 1 6  5 8 2

8 9 1  6 7 4  3 2 5
7 2 5  3 9 1  8 4 6
4 6 3  8 5 2  7 9 1
Answer: 146
5 3 9  1 2 8  4 6 7
7 1 4  5 6 9  2 3 8
8 2 6  7 4 3  1 5 9

1 9 2  4 8 5  6 7 3
6 5 8  2 3 7  9 1 4
3 4 7  9 1 6  5 8 2

9 8 1  6 7 4  3 2 5
2 7 5  3 9 1  8 4 6
4 6 3  8 5 2  7 9 1
Answer: 147
5 3 9  1 2 8  4 6 7
7 1 4  5 6 9  2 3 8
8 2 6  7 4 3  1 5 9

1 9 2  4 8 5  6 7 3
6 5 8  2 3 7  9 1 4
3 4 7  9 1 6  5 8 2

2 8 1  6 7 4  3 9 5
4 7 5  3 9 1  8 2 6
9 6 3  8 5 2  7 4 1
Answer: 148
7 3 9  1 2 8  4 6 5
8 1 4  5 6 9  2 3 7
5 2 6  7 4 3  1 8 9

1 9 2  4 8 5  6 7 3
6 5 8  2 3 7  9 1 4
3 4 7  9 1 6  5 2 8

9 8 1  6 7 4  3 5 2
2 7 5  3 9 1  8 4 6
4 6 3  8 5 2  7 9 1
Answer: 149
5 3 9  1 2 8  4 6 7
7 1 4  5 6 9  2 3 8
8 2 6  7 4 3  1 9 5

1 9 2  4 8 5  6 7 3
6 5 8  2 3 7  9 1 4
3 4 7  9 1 6  5 8 2

2 8 1  6 7 4  3 5 9
4 7 5  3 9 1  8 2 6
9 6 3  8 5 2  7 4 1
Answer: 150
7 3 9  1 2 8  4 6 5
8 1 4  5 6 9  2 3 7
5 2 6  7 4 3  1 9 8

1 9 2  4 8 5  6 7 3
6 5 8  2 3 7  9 1 4
3 4 7  9 1 6  5 8 2

2 8 1  6 7 4  3 5 9
4 7 5  3 9 1  8 2 6
9 6 3  8 5 2  7 4 1
Answer: 151
5 3 9  1 2 8  4 6 7
7 1 4  5 6 9  2 3 8
2 8 6  7 4 3  1 5 9

1 9 2  4 8 5  6 7 3
6 5 8  2 3 7  9 1 4
3 4 7  9 1 6  5 8 2

8 2 1  6 7 4  3 9 5
4 7 5  3 9 1  8 2 6
9 6 3  8 5 2  7 4 1
Answer: 152
5 3 9  1 2 8  4 6 7
7 1 4  5 6 9  2 3 8
2 8 6  7 4 3  1 9 5

1 9 2  4 8 5  6 7 3
6 5 8  2 3 7  9 1 4
3 4 7  9 1 6  5 8 2

8 2 1  6 7 4  3 5 9
4 7 5  3 9 1  8 2 6
9 6 3  8 5 2  7 4 1
Answer: 153
7 3 9  1 2 8  4 6 5
8 1 4  5 6 9  2 7 3
5 2 6  7 4 3  1 8 9

1 9 2  4 8 5  6 3 7
6 5 8  2 3 7  9 1 4
3 4 7  9 1 6  5 2 8

9 8 1  6 7 4  3 5 2
2 7 5  3 9 1  8 4 6
4 6 3  8 5 2  7 9 1
Answer: 154
7 3 9  1 2 8  4 6 5
8 1 4  5 6 9  2 7 3
5 2 6  7 4 3  1 9 8

1 9 2  4 8 5  6 3 7
6 5 8  2 3 7  9 1 4
3 4 7  9 1 6  5 8 2

2 8 1  6 7 4  3 5 9
4 7 5  3 9 1  8 2 6
9 6 3  8 5 2  7 4 1
Answer: 155
7 5 9  1 2 8  4 3 6
1 3 4  5 6 9  2 8 7
8 2 6  7 4 3  1 5 9

9 1 2  4 8 5  6 7 3
5 6 8  2 3 7  9 1 4
3 4 7  9 1 6  5 2 8

2 8 1  6 7 4  3 9 5
4 7 5  3 9 1  8 6 2
6 9 3  8 5 2  7 4 1
Answer: 156
7 5 9  1 2 8  4 3 6
1 3 4  5 6 9  2 8 7
8 2 6  7 4 3  1 5 9

9 1 2  4 8 5  6 7 3
5 6 8  2 3 7  9 1 4
3 4 7  9 1 6  5 2 8

2 8 1  6 7 4  3 9 5
6 7 5  3 9 1  8 4 2
4 9 3  8 5 2  7 6 1
Answer: 157
7 3 9  1 2 8  4 5 6
1 8 4  5 6 9  2 3 7
2 5 6  7 4 3  1 8 9

9 1 2  4 8 5  6 7 3
5 6 8  2 3 7  9 1 4
3 4 7  9 1 6  5 2 8

8 2 1  6 7 4  3 9 5
4 7 5  3 9 1  8 6 2
6 9 3  8 5 2  7 4 1
Answer: 158
7 3 9  1 2 8  4 5 6
1 8 4  5 6 9  2 3 7
2 5 6  7 4 3  1 8 9

9 1 2  4 8 5  6 7 3
5 6 8  2 3 7  9 1 4
3 4 7  9 1 6  5 2 8

8 2 1  6 7 4  3 9 5
6 7 5  3 9 1  8 4 2
4 9 3  8 5 2  7 6 1
Answer: 159
7 5 9  1 2 8  4 3 6
1 3 4  5 6 9  2 8 7
2 8 6  7 4 3  1 5 9

9 1 2  4 8 5  6 7 3
5 6 8  2 3 7  9 1 4
3 4 7  9 1 6  5 2 8

8 2 1  6 7 4  3 9 5
4 7 5  3 9 1  8 6 2
6 9 3  8 5 2  7 4 1
Answer: 160
7 5 9  1 2 8  4 3 6
1 3 4  5 6 9  2 8 7
2 8 6  7 4 3  1 5 9

9 1 2  4 8 5  6 7 3
5 6 8  2 3 7  9 1 4
3 4 7  9 1 6  5 2 8

8 2 1  6 7 4  3 9 5
6 7 5  3 9 1  8 4 2
4 9 3  8 5 2  7 6 1
Answer: 161
5 7 9  1 2 8  4 3 6
1 3 4  5 6 9  2 8 7
8 2 6  7 4 3  1 5 9

9 1 2  4 8 5  6 7 3
6 5 8  2 3 7  9 1 4
3 4 7  9 1 6  5 2 8

2 8 1  6 7 4  3 9 5
7 6 5  3 9 1  8 4 2
4 9 3  8 5 2  7 6 1
Answer: 162
5 7 9  1 2 8  4 3 6
1 3 4  5 6 9  2 8 7
2 8 6  7 4 3  1 5 9

9 1 2  4 8 5  6 7 3
6 5 8  2 3 7  9 1 4
3 4 7  9 1 6  5 2 8

8 2 1  6 7 4  3 9 5
7 6 5  3 9 1  8 4 2
4 9 3  8 5 2  7 6 1
Answer: 163
7 3 9  1 2 8  4 5 6
8 1 4  5 6 9  2 3 7
5 2 6  7 4 3  1 8 9

1 9 2  4 8 5  6 7 3
6 5 8  2 3 7  9 1 4
3 4 7  9 1 6  5 2 8

2 8 1  6 7 4  3 9 5
4 7 5  3 9 1  8 6 2
9 6 3  8 5 2  7 4 1
Answer: 164
5 3 9  1 2 8  4 7 6
1 7 4  5 6 9  2 8 3
8 2 6  7 4 3  1 5 9

9 1 2  4 8 5  6 3 7
6 5 8  2 3 7  9 1 4
3 4 7  9 1 6  5 2 8

2 8 1  6 7 4  3 9 5
7 6 5  3 9 1  8 4 2
4 9 3  8 5 2  7 6 1
Answer: 165
7 3 9  1 2 8  4 5 6
8 1 4  5 6 9  2 7 3
5 2 6  7 4 3  1 8 9

1 9 2  4 8 5  6 3 7
6 5 8  2 3 7  9 1 4
3 4 7  9 1 6  5 2 8

2 8 1  6 7 4  3 9 5
4 7 5  3 9 1  8 6 2
9 6 3  8 5 2  7 4 1
Answer: 166
5 3 9  1 2 8  4 7 6
7 1 4  5 6 9  2 8 3
8 2 6  7 4 3  1 5 9

1 9 2  4 8 5  6 3 7
6 5 8  2 3 7  9 1 4
3 4 7  9 1 6  5 2 8

2 8 1  6 7 4  3 9 5
4 7 5  3 9 1  8 6 2
9 6 3  8 5 2  7 4 1
Answer: 167
7 3 9  1 2 8  4 5 6
1 8 4  5 6 9  2 7 3
2 5 6  7 4 3  1 8 9

9 1 2  4 8 5  6 3 7
5 6 8  2 3 7  9 1 4
3 4 7  9 1 6  5 2 8

8 2 1  6 7 4  3 9 5
4 7 5  3 9 1  8 6 2
6 9 3  8 5 2  7 4 1
Answer: 168
7 3 9  1 2 8  4 5 6
1 8 4  5 6 9  2 7 3
2 5 6  7 4 3  1 8 9

9 1 2  4 8 5  6 3 7
5 6 8  2 3 7  9 1 4
3 4 7  9 1 6  5 2 8

8 2 1  6 7 4  3 9 5
6 7 5  3 9 1  8 4 2
4 9 3  8 5 2  7 6 1
Answer: 169
5 3 9  1 2 8  4 7 6
1 7 4  5 6 9  2 8 3
2 8 6  7 4 3  1 5 9

9 1 2  4 8 5  6 3 7
6 5 8  2 3 7  9 1 4
3 4 7  9 1 6  5 2 8

8 2 1  6 7 4  3 9 5
7 6 5  3 9 1  8 4 2
4 9 3  8 5 2  7 6 1
Answer: 170
5 3 9  1 2 8  4 7 6
7 1 4  5 6 9  2 8 3
2 8 6  7 4 3  1 5 9

1 9 2  4 8 5  6 3 7
6 5 8  2 3 7  9 1 4
3 4 7  9 1 6  5 2 8

8 2 1  6 7 4  3 9 5
4 7 5  3 9 1  8 6 2
9 6 3  8 5 2  7 4 1
Answer: 171
5 7 9  1 2 8  4 3 6
1 3 4  5 6 9  2 8 7
2 8 6  7 4 3  1 9 5

9 1 2  4 8 5  6 7 3
6 5 8  2 3 7  9 1 4
3 4 7  9 1 6  5 2 8

8 2 1  6 7 4  3 5 9
7 6 5  3 9 1  8 4 2
4 9 3  8 5 2  7 6 1
Answer: 172
5 3 9  1 2 8  4 7 6
1 7 4  5 6 9  2 8 3
2 8 6  7 4 3  1 9 5

9 1 2  4 8 5  6 3 7
6 5 8  2 3 7  9 1 4
3 4 7  9 1 6  5 2 8

8 2 1  6 7 4  3 5 9
7 6 5  3 9 1  8 4 2
4 9 3  8 5 2  7 6 1
Answer: 173
5 7 9  1 2 8  4 3 6
1 3 4  5 6 9  2 8 7
8 2 6  7 4 3  1 9 5

9 1 2  4 8 5  6 7 3
6 5 8  2 3 7  9 1 4
3 4 7  9 1 6  5 2 8

2 8 1  6 7 4  3 5 9
7 6 5  3 9 1  8 4 2
4 9 3  8 5 2  7 6 1
Answer: 174
5 3 9  1 2 8  4 7 6
1 7 4  5 6 9  2 8 3
8 2 6  7 4 3  1 9 5

9 1 2  4 8 5  6 3 7
6 5 8  2 3 7  9 1 4
3 4 7  9 1 6  5 2 8

2 8 1  6 7 4  3 5 9
7 6 5  3 9 1  8 4 2
4 9 3  8 5 2  7 6 1
Answer: 175
7 5 9  1 2 8  4 3 6
1 3 4  5 6 9  2 8 7
8 2 6  7 4 3  1 9 5

9 1 2  4 8 5  6 7 3
5 6 8  2 3 7  9 1 4
3 4 7  9 1 6  5 2 8

2 8 1  6 7 4  3 5 9
4 7 5  3 9 1  8 6 2
6 9 3  8 5 2  7 4 1
Answer: 176
7 5 9  1 2 8  4 3 6
1 3 4  5 6 9  2 8 7
8 2 6  7 4 3  1 9 5

9 1 2  4 8 5  6 7 3
5 6 8  2 3 7  9 1 4
3 4 7  9 1 6  5 2 8

2 8 1  6 7 4  3 5 9
6 7 5  3 9 1  8 4 2
4 9 3  8 5 2  7 6 1
Answer: 177
7 5 9  1 2 8  4 3 6
1 3 4  5 6 9  2 8 7
2 8 6  7 4 3  1 9 5

9 1 2  4 8 5  6 7 3
5 6 8  2 3 7  9 1 4
3 4 7  9 1 6  5 2 8

8 2 1  6 7 4  3 5 9
4 7 5  3 9 1  8 6 2
6 9 3  8 5 2  7 4 1
Answer: 178
7 5 9  1 2 8  4 3 6
1 3 4  5 6 9  2 8 7
2 8 6  7 4 3  1 9 5

9 1 2  4 8 5  6 7 3
5 6 8  2 3 7  9 1 4
3 4 7  9 1 6  5 2 8

8 2 1  6 7 4  3 5 9
6 7 5  3 9 1  8 4 2
4 9 3  8 5 2  7 6 1
Answer: 179
5 3 9  1 2 8  4 7 6
7 1 4  5 6 9  2 8 3
8 2 6  7 4 3  1 9 5

1 9 2  4 8 5  6 3 7
6 5 8  2 3 7  9 1 4
3 4 7  9 1 6  5 2 8

2 8 1  6 7 4  3 5 9
4 7 5  3 9 1  8 6 2
9 6 3  8 5 2  7 4 1
Answer: 180
5 3 9  1 2 8  4 7 6
7 1 4  5 6 9  2 8 3
2 8 6  7 4 3  1 9 5

1 9 2  4 8 5  6 3 7
6 5 8  2 3 7  9 1 4
3 4 7  9 1 6  5 2 8

8 2 1  6 7 4  3 5 9
4 7 5  3 9 1  8 6 2
9 6 3  8 5 2  7 4 1
SATISFIABLE

Models       : 180
Calls        : 1
Time         : 0.225s (Solving: 0.21s 1st Model: 0.00s Unsat: 0.00s)
CPU Time     : 0.225s