clingo version 5.6.2
Reading from ./instances/lp/ex16.lp
Solving...
Answer: 1
1 3 8  7 2 6  4 5 9
4 5 9  1 8 3  2 6 7
2 7 6  4 5 9  3 1 8

6 4 2  9 1 7  8 3 5
8 1 5  2 3 4  9 7 6
3 9 7  5 6 8  1 4 2

5 6 4  3 9 2  7 8 1
7 2 1  8 4 5  6 9 3
9 8 3  6 7 1  5 2 4
Answer: 2
1 3 8  7 2 6  4 5 9
4 5 9  1 8 3  2 6 7
2 7 6  4 5 9  3 1 8

6 4 2  9 1 7  8 3 5
8 1 5  2 3 4  9 7 6
3 9 7  5 6 8  1 2 4

5 6 4  3 9 2  7 8 1
7 2 1  8 4 5  6 9 3
9 8 3  6 7 1  5 4 2
Answer: 3
3 1 8  7 2 6  4 5 9
4 5 9  1 8 3  2 6 7
2 7 6  4 5 9  3 1 8

6 4 2  9 1 7  8 3 5
1 8 5  2 3 4  9 7 6
9 3 7  5 6 8  1 4 2

5 6 4  3 9 2  7 8 1
7 9 1  8 4 5  6 2 3
8 2 3  6 7 1  5 9 4
Answer: 4
3 1 8  7 2 6  4 5 9
4 5 9  1 8 3  2 6 7
2 7 6  4 5 9  3 1 8

6 4 2  9 1 7  8 3 5
1 8 5  2 3 4  9 7 6
9 3 7  5 6 8  1 4 2

5 6 4  3 9 2  7 8 1
7 2 1  8 4 5  6 9 3
8 9 3  6 7 1  5 2 4
Answer: 5
3 1 8  7 2 6  4 5 9
4 5 9  1 8 3  2 6 7
2 7 6  4 5 9  3 1 8

6 3 2  9 1 7  8 4 5
1 8 5  2 3 4  9 7 6
9 4 7  5 6 8  1 3 2

5 6 4  3 9 2  7 8 1
7 9 1  8 4 5  6 2 3
8 2 3  6 7 1  5 9 4
Answer: 6
3 1 8  7 2 6  4 5 9
4 5 9  1 8 3  2 6 7
2 7 6  4 5 9  3 1 8

6 3 2  9 1 7  8 4 5
1 8 5  2 3 4  9 7 6
9 4 7  5 6 8  1 3 2

5 6 4  3 9 2  7 8 1
7 2 1  8 4 5  6 9 3
8 9 3  6 7 1  5 2 4
Answer: 7
3 1 8  7 2 6  4 5 9
4 5 9  1 8 3  2 6 7
2 7 6  4 5 9  3 1 8

6 3 2  9 1 7  8 4 5
1 8 5  2 3 4  9 7 6
9 4 7  5 6 8  1 2 3

5 6 4  3 9 2  7 8 1
7 9 1  8 4 5  6 3 2
8 2 3  6 7 1  5 9 4
Answer: 8
3 1 8  7 2 6  4 5 9
4 5 9  1 8 3  2 6 7
2 7 6  4 5 9  3 1 8

6 4 2  9 1 7  8 3 5
1 8 5  2 3 4  9 7 6
9 3 7  5 6 8  1 2 4

5 6 4  3 9 2  7 8 1
7 2 1  8 4 5  6 9 3
8 9 3  6 7 1  5 4 2
Answer: 9
1 3 8  7 2 6  4 5 9
4 5 9  1 8 3  2 6 7
7 2 6  4 5 9  3 1 8

6 4 2  9 1 7  8 3 5
8 1 5  2 3 4  9 7 6
3 9 7  5 6 8  1 4 2

5 6 4  3 9 2  7 8 1
2 7 1  8 4 5  6 9 3
9 8 3  6 7 1  5 2 4
Answer: 10
1 3 8  7 2 6  4 5 9
4 5 9  1 8 3  2 6 7
7 2 6  4 5 9  3 1 8

6 4 2  9 1 7  8 3 5
8 1 5  2 3 4  9 7 6
3 9 7  5 6 8  1 2 4

5 6 4  3 9 2  7 8 1
2 7 1  8 4 5  6 9 3
9 8 3  6 7 1  5 4 2
Answer: 11
1 3 8  7 2 6  4 5 9
4 5 9  1 8 3  2 6 7
7 2 6  4 5 9  3 1 8

6 4 2  9 1 7  8 3 5
8 1 5  2 3 4  9 7 6
3 9 7  5 6 8  1 4 2

5 6 4  3 9 2  7 8 1
9 7 1  8 4 5  6 2 3
2 8 3  6 7 1  5 9 4
Answer: 12
3 1 8  7 2 6  4 5 9
4 5 9  1 8 3  2 6 7
7 2 6  4 5 9  3 1 8

6 3 2  9 1 7  8 4 5
1 8 5  2 3 4  9 7 6
9 4 7  5 6 8  1 3 2

5 6 4  3 9 2  7 8 1
2 7 1  8 4 5  6 9 3
8 9 3  6 7 1  5 2 4
Answer: 13
3 1 8  7 2 6  4 5 9
4 5 9  1 8 3  2 6 7
7 2 6  4 5 9  3 1 8

6 4 2  9 1 7  8 3 5
1 8 5  2 3 4  9 7 6
9 3 7  5 6 8  1 4 2

5 6 4  3 9 2  7 8 1
2 7 1  8 4 5  6 9 3
8 9 3  6 7 1  5 2 4
Answer: 14
3 1 8  7 2 6  4 5 9
4 5 9  1 8 3  2 6 7
7 2 6  4 5 9  3 1 8

6 4 2  9 1 7  8 3 5
1 8 5  2 3 4  9 7 6
9 3 7  5 6 8  1 2 4

5 6 4  3 9 2  7 8 1
2 7 1  8 4 5  6 9 3
8 9 3  6 7 1  5 4 2
Answer: 15
1 3 8  7 2 6  4 5 9
4 5 9  1 8 3  2 6 7
2 7 6  4 5 9  3 8 1

6 4 2  9 1 7  8 3 5
8 1 5  2 3 4  9 7 6
3 9 7  5 6 8  1 2 4

5 6 4  3 9 2  7 1 8
7 2 1  8 4 5  6 9 3
9 8 3  6 7 1  5 4 2
Answer: 16
1 3 8  7 2 6  4 5 9
4 5 9  1 8 3  2 6 7
7 2 6  4 5 9  3 8 1

6 4 2  9 1 7  8 3 5
8 1 5  2 3 4  9 7 6
3 9 7  5 6 8  1 2 4

5 6 4  3 9 2  7 1 8
2 7 1  8 4 5  6 9 3
9 8 3  6 7 1  5 4 2
Answer: 17
1 3 8  7 2 6  4 5 9
4 5 9  1 8 3  2 6 7
2 7 6  4 5 9  3 8 1

6 4 2  9 1 7  8 3 5
8 1 5  2 3 4  9 7 6
3 9 7  5 6 8  1 4 2

5 6 4  3 9 2  7 1 8
7 2 1  8 4 5  6 9 3
9 8 3  6 7 1  5 2 4
Answer: 18
1 3 8  7 2 6  4 5 9
4 5 9  1 8 3  2 6 7
7 2 6  4 5 9  3 8 1

6 4 2  9 1 7  8 3 5
8 1 5  2 3 4  9 7 6
3 9 7  5 6 8  1 4 2

5 6 4  3 9 2  7 1 8
2 7 1  8 4 5  6 9 3
9 8 3  6 7 1  5 2 4
Answer: 19
1 3 8  7 2 6  4 5 9
4 5 9  1 8 3  2 6 7
7 2 6  4 5 9  3 8 1

6 4 2  9 1 7  8 3 5
8 1 5  2 3 4  9 7 6
3 9 7  5 6 8  1 4 2

5 6 4  3 9 2  7 1 8
9 7 1  8 4 5  6 2 3
2 8 3  6 7 1  5 9 4
Answer: 20
3 1 8  7 2 6  4 5 9
4 5 9  1 8 3  2 6 7
2 7 6  4 5 9  3 8 1

6 4 2  9 1 7  8 3 5
1 8 5  2 3 4  9 7 6
9 3 7  5 6 8  1 4 2

5 6 4  3 9 2  7 1 8
7 9 1  8 4 5  6 2 3
8 2 3  6 7 1  5 9 4
Answer: 21
3 1 8  7 2 6  4 5 9
4 5 9  1 8 3  2 6 7
2 7 6  4 5 9  3 8 1

6 3 2  9 1 7  8 4 5
1 8 5  2 3 4  9 7 6
9 4 7  5 6 8  1 3 2

5 6 4  3 9 2  7 1 8
7 9 1  8 4 5  6 2 3
8 2 3  6 7 1  5 9 4
Answer: 22
3 1 8  7 2 6  4 5 9
4 5 9  1 8 3  2 6 7
2 7 6  4 5 9  3 8 1

6 4 2  9 1 7  8 3 5
1 8 5  2 3 4  9 7 6
9 3 7  5 6 8  1 4 2

5 6 4  3 9 2  7 1 8
7 2 1  8 4 5  6 9 3
8 9 3  6 7 1  5 2 4
Answer: 23
3 1 8  7 2 6  4 5 9
4 5 9  1 8 3  2 6 7
2 7 6  4 5 9  3 8 1

6 3 2  9 1 7  8 4 5
1 8 5  2 3 4  9 7 6
9 4 7  5 6 8  1 3 2

5 6 4  3 9 2  7 1 8
7 2 1  8 4 5  6 9 3
8 9 3  6 7 1  5 2 4
Answer: 24
3 1 8  7 2 6  4 5 9
4 5 9  1 8 3  2 6 7
7 2 6  4 5 9  3 8 1

6 4 2  9 1 7  8 3 5
1 8 5  2 3 4  9 7 6
9 3 7  5 6 8  1 4 2

5 6 4  3 9 2  7 1 8
2 7 1  8 4 5  6 9 3
8 9 3  6 7 1  5 2 4
Answer: 25
3 1 8  7 2 6  4 5 9
4 5 9  1 8 3  2 6 7
7 2 6  4 5 9  3 8 1

6 3 2  9 1 7  8 4 5
1 8 5  2 3 4  9 7 6
9 4 7  5 6 8  1 3 2

5 6 4  3 9 2  7 1 8
2 7 1  8 4 5  6 9 3
8 9 3  6 7 1  5 2 4
Answer: 26
3 1 8  7 2 6  4 5 9
4 5 9  1 8 3  2 6 7
2 7 6  4 5 9  3 8 1

6 4 2  9 1 7  8 3 5
1 8 5  2 3 4  9 7 6
9 3 7  5 6 8  1 2 4

5 6 4  3 9 2  7 1 8
7 2 1  8 4 5  6 9 3
8 9 3  6 7 1  5 4 2
Answer: 27
3 1 8  7 2 6  4 5 9
4 5 9  1 8 3  2 6 7
7 2 6  4 5 9  3 8 1

6 4 2  9 1 7  8 3 5
1 8 5  2 3 4  9 7 6
9 3 7  5 6 8  1 2 4

5 6 4  3 9 2  7 1 8
2 7 1  8 4 5  6 9 3
8 9 3  6 7 1  5 4 2
Answer: 28
3 1 8  7 2 6  4 5 9
4 5 9  1 8 3  2 6 7
2 7 6  4 5 9  3 8 1

6 3 2  9 1 7  8 4 5
1 8 5  2 3 4  9 7 6
9 4 7  5 6 8  1 2 3

5 6 4  3 9 2  7 1 8
7 9 1  8 4 5  6 3 2
8 2 3  6 7 1  5 9 4
Answer: 29
3 1 8  7 2 6  4 9 5
4 5 9  1 8 3  2 6 7
2 7 6  4 5 9  3 1 8

6 3 2  9 1 7  8 5 4
1 8 5  2 3 4  9 7 6
9 4 7  5 6 8  1 3 2

5 6 4  3 9 2  7 8 1
7 9 1  8 4 5  6 2 3
8 2 3  6 7 1  5 4 9
Answer: 30
5 3 8  7 2 6  4 9 1
4 7 9  1 8 3  2 6 5
2 1 6  4 5 9  3 8 7

3 6 2  9 1 7  8 5 4
1 8 5  2 3 4  9 7 6
9 4 7  5 6 8  1 3 2

6 5 4  3 9 2  7 1 8
7 9 1  8 4 5  6 2 3
8 2 3  6 7 1  5 4 9
Answer: 31
3 5 8  7 2 6  4 9 1
4 7 9  1 8 3  2 6 5
2 1 6  4 5 9  3 8 7

6 3 2  9 1 7  8 5 4
1 8 5  2 3 4  9 7 6
9 4 7  5 6 8  1 3 2

5 6 4  3 9 2  7 1 8
7 9 1  8 4 5  6 2 3
8 2 3  6 7 1  5 4 9
Answer: 32
3 1 8  7 2 6  4 9 5
4 5 9  1 8 3  2 6 7
2 7 6  4 5 9  3 8 1

6 3 2  9 1 7  8 5 4
1 8 5  2 3 4  9 7 6
9 4 7  5 6 8  1 3 2

5 6 4  3 9 2  7 1 8
7 9 1  8 4 5  6 2 3
8 2 3  6 7 1  5 4 9
Answer: 33
5 3 8  7 2 6  4 9 1
4 7 9  1 8 3  2 6 5
1 2 6  4 5 9  3 8 7

3 6 2  9 1 7  8 5 4
8 1 5  2 3 4  9 7 6
9 4 7  5 6 8  1 3 2

6 5 4  3 9 2  7 1 8
7 9 1  8 4 5  6 2 3
2 8 3  6 7 1  5 4 9
Answer: 34
3 5 8  7 2 6  4 9 1
4 7 9  1 8 3  2 6 5
1 2 6  4 5 9  3 8 7

6 3 2  9 1 7  8 5 4
8 1 5  2 3 4  9 7 6
9 4 7  5 6 8  1 3 2

5 6 4  3 9 2  7 1 8
7 9 1  8 4 5  6 2 3
2 8 3  6 7 1  5 4 9
Answer: 35
1 3 8  7 2 6  4 9 5
4 5 9  1 8 3  2 6 7
2 7 6  4 5 9  3 1 8

6 4 2  9 1 7  8 5 3
8 1 5  2 3 4  9 7 6
3 9 7  5 6 8  1 4 2

5 6 4  3 9 2  7 8 1
7 2 1  8 4 5  6 3 9
9 8 3  6 7 1  5 2 4
Answer: 36
1 3 8  7 2 6  4 9 5
4 5 9  1 8 3  2 6 7
7 2 6  4 5 9  3 1 8

6 4 2  9 1 7  8 5 3
8 1 5  2 3 4  9 7 6
3 9 7  5 6 8  1 4 2

5 6 4  3 9 2  7 8 1
2 7 1  8 4 5  6 3 9
9 8 3  6 7 1  5 2 4
Answer: 37
1 3 8  7 2 6  4 9 5
4 5 9  1 8 3  2 6 7
2 7 6  4 5 9  3 8 1

6 4 2  9 1 7  8 5 3
8 1 5  2 3 4  9 7 6
3 9 7  5 6 8  1 4 2

5 6 4  3 9 2  7 1 8
7 2 1  8 4 5  6 3 9
9 8 3  6 7 1  5 2 4
Answer: 38
1 3 8  7 2 6  4 9 5
4 5 9  1 8 3  2 6 7
7 2 6  4 5 9  3 8 1

6 4 2  9 1 7  8 5 3
8 1 5  2 3 4  9 7 6
3 9 7  5 6 8  1 4 2

5 6 4  3 9 2  7 1 8
2 7 1  8 4 5  6 3 9
9 8 3  6 7 1  5 2 4
Answer: 39
1 3 8  7 2 6  4 9 5
4 5 9  1 8 3  2 6 7
2 7 6  4 5 9  3 1 8

6 4 2  9 1 7  8 5 3
8 1 5  2 3 4  9 7 6
3 9 7  5 6 8  1 2 4

5 6 4  3 9 2  7 8 1
7 2 1  8 4 5  6 3 9
9 8 3  6 7 1  5 4 2
Answer: 40
1 3 8  7 2 6  4 9 5
4 5 9  1 8 3  2 6 7
2 7 6  4 5 9  3 8 1

6 4 2  9 1 7  8 5 3
8 1 5  2 3 4  9 7 6
3 9 7  5 6 8  1 2 4

5 6 4  3 9 2  7 1 8
7 2 1  8 4 5  6 3 9
9 8 3  6 7 1  5 4 2
Answer: 41
1 3 8  7 2 6  4 9 5
4 5 9  1 8 3  2 6 7
7 2 6  4 5 9  3 1 8

6 4 2  9 1 7  8 5 3
8 1 5  2 3 4  9 7 6
3 9 7  5 6 8  1 2 4

5 6 4  3 9 2  7 8 1
2 7 1  8 4 5  6 3 9
9 8 3  6 7 1  5 4 2
Answer: 42
1 3 8  7 2 6  4 9 5
4 5 9  1 8 3  2 6 7
7 2 6  4 5 9  3 8 1

6 4 2  9 1 7  8 5 3
8 1 5  2 3 4  9 7 6
3 9 7  5 6 8  1 2 4

5 6 4  3 9 2  7 1 8
2 7 1  8 4 5  6 3 9
9 8 3  6 7 1  5 4 2
Answer: 43
1 3 8  7 2 6  4 9 5
4 5 9  1 8 3  2 6 7
7 2 6  4 5 9  3 1 8

6 4 2  9 1 7  8 5 3
8 1 5  2 3 4  9 7 6
3 9 7  5 6 8  1 2 4

5 6 4  3 9 2  7 8 1
9 7 1  8 4 5  6 3 2
2 8 3  6 7 1  5 4 9
Answer: 44
1 3 8  7 2 6  4 9 5
4 5 9  1 8 3  2 6 7
7 2 6  4 5 9  3 8 1

6 4 2  9 1 7  8 5 3
8 1 5  2 3 4  9 7 6
3 9 7  5 6 8  1 2 4

5 6 4  3 9 2  7 1 8
9 7 1  8 4 5  6 3 2
2 8 3  6 7 1  5 4 9
Answer: 45
3 5 8  7 2 6  4 9 1
4 7 9  1 8 3  2 6 5
2 1 6  4 5 9  3 8 7

6 4 2  9 1 7  8 5 3
1 8 5  2 3 4  9 7 6
9 3 7  5 6 8  1 2 4

5 6 4  3 9 2  7 1 8
7 9 1  8 4 5  6 3 2
8 2 3  6 7 1  5 4 9
Answer: 46
3 1 8  7 2 6  4 9 5
4 5 9  1 8 3  2 6 7
2 7 6  4 5 9  3 8 1

6 4 2  9 1 7  8 5 3
1 8 5  2 3 4  9 7 6
9 3 7  5 6 8  1 2 4

5 6 4  3 9 2  7 1 8
7 9 1  8 4 5  6 3 2
8 2 3  6 7 1  5 4 9
Answer: 47
3 5 8  7 2 6  4 9 1
4 7 9  1 8 3  2 6 5
1 2 6  4 5 9  3 8 7

6 4 2  9 1 7  8 5 3
8 1 5  2 3 4  9 7 6
9 3 7  5 6 8  1 2 4

5 6 4  3 9 2  7 1 8
7 9 1  8 4 5  6 3 2
2 8 3  6 7 1  5 4 9
Answer: 48
3 1 8  7 2 6  4 9 5
4 5 9  1 8 3  2 6 7
2 7 6  4 5 9  3 1 8

6 4 2  9 1 7  8 5 3
1 8 5  2 3 4  9 7 6
9 3 7  5 6 8  1 2 4

5 6 4  3 9 2  7 8 1
7 9 1  8 4 5  6 3 2
8 2 3  6 7 1  5 4 9
Answer: 49
3 5 8  7 2 6  4 9 1
4 7 9  1 8 3  2 6 5
2 1 6  4 5 9  3 8 7

6 3 2  9 1 7  8 5 4
1 8 5  2 3 4  9 7 6
9 4 7  5 6 8  1 2 3

5 6 4  3 9 2  7 1 8
7 9 1  8 4 5  6 3 2
8 2 3  6 7 1  5 4 9
Answer: 50
3 1 8  7 2 6  4 9 5
4 5 9  1 8 3  2 6 7
2 7 6  4 5 9  3 8 1

6 3 2  9 1 7  8 5 4
1 8 5  2 3 4  9 7 6
9 4 7  5 6 8  1 2 3

5 6 4  3 9 2  7 1 8
7 9 1  8 4 5  6 3 2
8 2 3  6 7 1  5 4 9
Answer: 51
5 3 8  7 2 6  4 9 1
4 7 9  1 8 3  2 6 5
2 1 6  4 5 9  3 8 7

3 6 2  9 1 7  8 5 4
1 8 5  2 3 4  9 7 6
9 4 7  5 6 8  1 2 3

6 5 4  3 9 2  7 1 8
7 9 1  8 4 5  6 3 2
8 2 3  6 7 1  5 4 9
Answer: 52
3 1 8  7 2 6  4 9 5
4 5 9  1 8 3  2 6 7
2 7 6  4 5 9  3 1 8

6 3 2  9 1 7  8 5 4
1 8 5  2 3 4  9 7 6
9 4 7  5 6 8  1 2 3

5 6 4  3 9 2  7 8 1
7 9 1  8 4 5  6 3 2
8 2 3  6 7 1  5 4 9
Answer: 53
3 5 8  7 2 6  4 9 1
4 7 9  1 8 3  2 6 5
1 2 6  4 5 9  3 8 7

6 3 2  9 1 7  8 5 4
8 1 5  2 3 4  9 7 6
9 4 7  5 6 8  1 2 3

5 6 4  3 9 2  7 1 8
7 9 1  8 4 5  6 3 2
2 8 3  6 7 1  5 4 9
Answer: 54
5 3 8  7 2 6  4 9 1
4 7 9  1 8 3  2 6 5
1 2 6  4 5 9  3 8 7

3 6 2  9 1 7  8 5 4
8 1 5  2 3 4  9 7 6
9 4 7  5 6 8  1 2 3

6 5 4  3 9 2  7 1 8
7 9 1  8 4 5  6 3 2
2 8 3  6 7 1  5 4 9
Answer: 55
3 1 8  7 2 6  4 9 5
4 5 9  1 8 3  2 6 7
7 2 6  4 5 9  3 8 1

6 4 2  9 1 7  8 5 3
1 8 5  2 3 4  9 7 6
9 3 7  5 6 8  1 4 2

5 6 4  3 9 2  7 1 8
2 7 1  8 4 5  6 3 9
8 9 3  6 7 1  5 2 4
Answer: 56
3 1 8  7 2 6  4 9 5
4 5 9  1 8 3  2 6 7
7 2 6  4 5 9  3 8 1

6 4 2  9 1 7  8 5 3
1 8 5  2 3 4  9 7 6
9 3 7  5 6 8  1 2 4

5 6 4  3 9 2  7 1 8
2 7 1  8 4 5  6 3 9
8 9 3  6 7 1  5 4 2
Answer: 57
3 1 8  7 2 6  4 9 5
4 5 9  1 8 3  2 6 7
2 7 6  4 5 9  3 8 1

6 4 2  9 1 7  8 5 3
1 8 5  2 3 4  9 7 6
9 3 7  5 6 8  1 4 2

5 6 4  3 9 2  7 1 8
7 2 1  8 4 5  6 3 9
8 9 3  6 7 1  5 2 4
Answer: 58
3 5 8  7 2 6  4 9 1
4 7 9  1 8 3  2 6 5
2 1 6  4 5 9  3 8 7

6 4 2  9 1 7  8 5 3
1 8 5  2 3 4  9 7 6
9 3 7  5 6 8  1 4 2

5 6 4  3 9 2  7 1 8
7 2 1  8 4 5  6 3 9
8 9 3  6 7 1  5 2 4
Answer: 59
3 1 8  7 2 6  4 9 5
4 5 9  1 8 3  2 6 7
2 7 6  4 5 9  3 8 1

6 4 2  9 1 7  8 5 3
1 8 5  2 3 4  9 7 6
9 3 7  5 6 8  1 2 4

5 6 4  3 9 2  7 1 8
7 2 1  8 4 5  6 3 9
8 9 3  6 7 1  5 4 2
Answer: 60
3 5 8  7 2 6  4 9 1
4 7 9  1 8 3  2 6 5
2 1 6  4 5 9  3 8 7

6 4 2  9 1 7  8 5 3
1 8 5  2 3 4  9 7 6
9 3 7  5 6 8  1 2 4

5 6 4  3 9 2  7 1 8
7 2 1  8 4 5  6 3 9
8 9 3  6 7 1  5 4 2
Answer: 61
3 1 8  7 2 6  4 9 5
4 5 9  1 8 3  2 6 7
7 2 6  4 5 9  3 1 8

6 4 2  9 1 7  8 5 3
1 8 5  2 3 4  9 7 6
9 3 7  5 6 8  1 4 2

5 6 4  3 9 2  7 8 1
2 7 1  8 4 5  6 3 9
8 9 3  6 7 1  5 2 4
Answer: 62
3 1 8  7 2 6  4 9 5
4 5 9  1 8 3  2 6 7
2 7 6  4 5 9  3 1 8

6 4 2  9 1 7  8 5 3
1 8 5  2 3 4  9 7 6
9 3 7  5 6 8  1 4 2

5 6 4  3 9 2  7 8 1
7 2 1  8 4 5  6 3 9
8 9 3  6 7 1  5 2 4
Answer: 63
3 1 8  7 2 6  4 9 5
4 5 9  1 8 3  2 6 7
7 2 6  4 5 9  3 1 8

6 4 2  9 1 7  8 5 3
1 8 5  2 3 4  9 7 6
9 3 7  5 6 8  1 2 4

5 6 4  3 9 2  7 8 1
2 7 1  8 4 5  6 3 9
8 9 3  6 7 1  5 4 2
Answer: 64
3 1 8  7 2 6  4 9 5
4 5 9  1 8 3  2 6 7
2 7 6  4 5 9  3 1 8

6 4 2  9 1 7  8 5 3
1 8 5  2 3 4  9 7 6
9 3 7  5 6 8  1 2 4

5 6 4  3 9 2  7 8 1
7 2 1  8 4 5  6 3 9
8 9 3  6 7 1  5 4 2
Answer: 65
3 1 8  7 2 6  4 9 5
4 5 9  1 8 3  2 6 7
7 2 6  4 5 9  3 8 1

6 3 2  9 1 7  8 5 4
1 8 5  2 3 4  9 7 6
9 4 7  5 6 8  1 2 3

5 6 4  3 9 2  7 1 8
2 7 1  8 4 5  6 3 9
8 9 3  6 7 1  5 4 2
Answer: 66
3 1 8  7 2 6  4 9 5
4 5 9  1 8 3  2 6 7
7 2 6  4 5 9  3 1 8

6 3 2  9 1 7  8 5 4
1 8 5  2 3 4  9 7 6
9 4 7  5 6 8  1 2 3

5 6 4  3 9 2  7 8 1
2 7 1  8 4 5  6 3 9
8 9 3  6 7 1  5 4 2
Answer: 67
3 5 8  7 2 6  4 9 1
4 7 9  1 8 3  2 6 5
2 1 6  4 5 9  3 8 7

6 3 2  9 1 7  8 5 4
1 8 5  2 3 4  9 7 6
9 4 7  5 6 8  1 2 3

5 6 4  3 9 2  7 1 8
7 2 1  8 4 5  6 3 9
8 9 3  6 7 1  5 4 2
Answer: 68
3 1 8  7 2 6  4 9 5
4 5 9  1 8 3  2 6 7
2 7 6  4 5 9  3 8 1

6 3 2  9 1 7  8 5 4
1 8 5  2 3 4  9 7 6
9 4 7  5 6 8  1 2 3

5 6 4  3 9 2  7 1 8
7 2 1  8 4 5  6 3 9
8 9 3  6 7 1  5 4 2
Answer: 69
5 3 8  7 2 6  4 9 1
4 7 9  1 8 3  2 6 5
2 1 6  4 5 9  3 8 7

3 6 2  9 1 7  8 5 4
1 8 5  2 3 4  9 7 6
9 4 7  5 6 8  1 2 3

6 5 4  3 9 2  7 1 8
7 2 1  8 4 5  6 3 9
8 9 3  6 7 1  5 4 2
Answer: 70
3 1 8  7 2 6  4 9 5
4 5 9  1 8 3  2 6 7
2 7 6  4 5 9  3 1 8

6 3 2  9 1 7  8 5 4
1 8 5  2 3 4  9 7 6
9 4 7  5 6 8  1 2 3

5 6 4  3 9 2  7 8 1
7 2 1  8 4 5  6 3 9
8 9 3  6 7 1  5 4 2
Answer: 71
1 3 8  7 2 6  4 5 9
5 4 9  1 8 3  2 6 7
2 7 6  4 5 9  3 1 8

3 6 2  9 1 7  8 4 5
8 1 5  2 3 4  9 7 6
4 9 7  5 6 8  1 3 2

6 5 4  3 9 2  7 8 1
7 2 1  8 4 5  6 9 3
9 8 3  6 7 1  5 2 4
Answer: 72
1 3 8  7 2 6  4 5 9
5 4 9  1 8 3  2 6 7
7 2 6  4 5 9  3 1 8

3 6 2  9 1 7  8 4 5
8 1 5  2 3 4  9 7 6
4 9 7  5 6 8  1 3 2

6 5 4  3 9 2  7 8 1
2 7 1  8 4 5  6 9 3
9 8 3  6 7 1  5 2 4
Answer: 73
1 3 8  7 2 6  4 5 9
5 4 9  1 8 3  2 6 7
2 7 6  4 5 9  3 8 1

3 6 2  9 1 7  8 4 5
8 1 5  2 3 4  9 7 6
4 9 7  5 6 8  1 3 2

6 5 4  3 9 2  7 1 8
7 2 1  8 4 5  6 9 3
9 8 3  6 7 1  5 2 4
Answer: 74
1 3 8  7 2 6  4 5 9
5 4 9  1 8 3  2 6 7
7 2 6  4 5 9  3 8 1

3 6 2  9 1 7  8 4 5
8 1 5  2 3 4  9 7 6
4 9 7  5 6 8  1 3 2

6 5 4  3 9 2  7 1 8
2 7 1  8 4 5  6 9 3
9 8 3  6 7 1  5 2 4
Answer: 75
3 5 8  7 2 6  4 9 1
7 4 9  1 8 3  2 6 5
2 1 6  4 5 9  3 8 7

6 3 2  9 1 7  8 5 4
1 8 5  2 3 4  9 7 6
4 9 7  5 6 8  1 3 2

5 6 4  3 9 2  7 1 8
9 7 1  8 4 5  6 2 3
8 2 3  6 7 1  5 4 9
Answer: 76
5 3 8  7 2 6  4 9 1
7 4 9  1 8 3  2 6 5
2 1 6  4 5 9  3 8 7

3 6 2  9 1 7  8 5 4
1 8 5  2 3 4  9 7 6
4 9 7  5 6 8  1 3 2

6 5 4  3 9 2  7 1 8
9 7 1  8 4 5  6 2 3
8 2 3  6 7 1  5 4 9
Answer: 77
3 5 8  7 2 6  4 9 1
7 4 9  1 8 3  2 6 5
1 2 6  4 5 9  3 8 7

6 3 2  9 1 7  8 5 4
8 1 5  2 3 4  9 7 6
4 9 7  5 6 8  1 3 2

5 6 4  3 9 2  7 1 8
9 7 1  8 4 5  6 2 3
2 8 3  6 7 1  5 4 9
Answer: 78
1 3 8  7 2 6  4 9 5
5 4 9  1 8 3  2 6 7
7 2 6  4 5 9  3 1 8

3 6 2  9 1 7  8 5 4
8 1 5  2 3 4  9 7 6
4 9 7  5 6 8  1 3 2

6 5 4  3 9 2  7 8 1
9 7 1  8 4 5  6 2 3
2 8 3  6 7 1  5 4 9
Answer: 79
1 3 8  7 2 6  4 5 9
5 4 9  1 8 3  2 6 7
7 2 6  4 5 9  3 1 8

3 6 2  9 1 7  8 4 5
8 1 5  2 3 4  9 7 6
4 9 7  5 6 8  1 3 2

6 5 4  3 9 2  7 8 1
9 7 1  8 4 5  6 2 3
2 8 3  6 7 1  5 9 4
Answer: 80
5 3 8  7 2 6  4 9 1
7 4 9  1 8 3  2 6 5
1 2 6  4 5 9  3 8 7

3 6 2  9 1 7  8 5 4
8 1 5  2 3 4  9 7 6
4 9 7  5 6 8  1 3 2

6 5 4  3 9 2  7 1 8
9 7 1  8 4 5  6 2 3
2 8 3  6 7 1  5 4 9
Answer: 81
1 3 8  7 2 6  4 9 5
5 4 9  1 8 3  2 6 7
7 2 6  4 5 9  3 8 1

3 6 2  9 1 7  8 5 4
8 1 5  2 3 4  9 7 6
4 9 7  5 6 8  1 3 2

6 5 4  3 9 2  7 1 8
9 7 1  8 4 5  6 2 3
2 8 3  6 7 1  5 4 9
Answer: 82
1 3 8  7 2 6  4 5 9
5 4 9  1 8 3  2 6 7
7 2 6  4 5 9  3 8 1

3 6 2  9 1 7  8 4 5
8 1 5  2 3 4  9 7 6
4 9 7  5 6 8  1 3 2

6 5 4  3 9 2  7 1 8
9 7 1  8 4 5  6 2 3
2 8 3  6 7 1  5 9 4
Answer: 83
1 3 8  7 2 6  4 5 9
5 4 9  1 8 3  2 6 7
2 7 6  4 5 9  3 1 8

4 6 2  9 1 7  8 3 5
8 1 5  2 3 4  9 7 6
3 9 7  5 6 8  1 2 4

6 5 4  3 9 2  7 8 1
7 2 1  8 4 5  6 9 3
9 8 3  6 7 1  5 4 2
Answer: 84
1 3 8  7 2 6  4 5 9
5 4 9  1 8 3  2 6 7
2 7 6  4 5 9  3 8 1

4 6 2  9 1 7  8 3 5
8 1 5  2 3 4  9 7 6
3 9 7  5 6 8  1 2 4

6 5 4  3 9 2  7 1 8
7 2 1  8 4 5  6 9 3
9 8 3  6 7 1  5 4 2
Answer: 85
1 3 8  7 2 6  4 5 9
5 4 9  1 8 3  2 6 7
7 2 6  4 5 9  3 1 8

4 6 2  9 1 7  8 3 5
8 1 5  2 3 4  9 7 6
3 9 7  5 6 8  1 2 4

6 5 4  3 9 2  7 8 1
2 7 1  8 4 5  6 9 3
9 8 3  6 7 1  5 4 2
Answer: 86
1 3 8  7 2 6  4 5 9
5 4 9  1 8 3  2 6 7
7 2 6  4 5 9  3 8 1

4 6 2  9 1 7  8 3 5
8 1 5  2 3 4  9 7 6
3 9 7  5 6 8  1 2 4

6 5 4  3 9 2  7 1 8
2 7 1  8 4 5  6 9 3
9 8 3  6 7 1  5 4 2
Answer: 87
1 3 8  7 2 6  4 5 9
5 4 9  1 8 3  2 6 7
2 7 6  4 5 9  3 1 8

4 6 2  9 1 7  8 3 5
8 1 5  2 3 4  9 7 6
3 9 7  5 6 8  1 4 2

6 5 4  3 9 2  7 8 1
7 2 1  8 4 5  6 9 3
9 8 3  6 7 1  5 2 4
Answer: 88
1 3 8  7 2 6  4 5 9
5 4 9  1 8 3  2 6 7
7 2 6  4 5 9  3 1 8

4 6 2  9 1 7  8 3 5
8 1 5  2 3 4  9 7 6
3 9 7  5 6 8  1 4 2

6 5 4  3 9 2  7 8 1
2 7 1  8 4 5  6 9 3
9 8 3  6 7 1  5 2 4
Answer: 89
1 3 8  7 2 6  4 5 9
5 4 9  1 8 3  2 6 7
2 7 6  4 5 9  3 8 1

4 6 2  9 1 7  8 3 5
8 1 5  2 3 4  9 7 6
3 9 7  5 6 8  1 4 2

6 5 4  3 9 2  7 1 8
7 2 1  8 4 5  6 9 3
9 8 3  6 7 1  5 2 4
Answer: 90
1 3 8  7 2 6  4 5 9
5 4 9  1 8 3  2 6 7
7 2 6  4 5 9  3 8 1

4 6 2  9 1 7  8 3 5
8 1 5  2 3 4  9 7 6
3 9 7  5 6 8  1 4 2

6 5 4  3 9 2  7 1 8
2 7 1  8 4 5  6 9 3
9 8 3  6 7 1  5 2 4
Answer: 91
1 3 8  7 2 6  4 5 9
5 4 9  1 8 3  2 6 7
7 2 6  4 5 9  3 8 1

4 6 2  9 1 7  8 3 5
8 1 5  2 3 4  9 7 6
3 9 7  5 6 8  1 4 2

6 5 4  3 9 2  7 1 8
9 7 1  8 4 5  6 2 3
2 8 3  6 7 1  5 9 4
Answer: 92
1 3 8  7 2 6  4 5 9
5 4 9  1 8 3  2 6 7
7 2 6  4 5 9  3 1 8

4 6 2  9 1 7  8 3 5
8 1 5  2 3 4  9 7 6
3 9 7  5 6 8  1 4 2

6 5 4  3 9 2  7 8 1
9 7 1  8 4 5  6 2 3
2 8 3  6 7 1  5 9 4
Answer: 93
3 1 8  7 2 6  4 5 9
5 4 9  1 8 3  2 6 7
2 7 6  4 5 9  3 1 8

4 6 2  9 1 7  8 3 5
1 8 5  2 3 4  9 7 6
9 3 7  5 6 8  1 4 2

6 5 4  3 9 2  7 8 1
7 9 1  8 4 5  6 2 3
8 2 3  6 7 1  5 9 4
Answer: 94
3 1 8  7 2 6  4 5 9
5 4 9  1 8 3  2 6 7
2 7 6  4 5 9  3 8 1

4 6 2  9 1 7  8 3 5
1 8 5  2 3 4  9 7 6
9 3 7  5 6 8  1 4 2

6 5 4  3 9 2  7 1 8
7 9 1  8 4 5  6 2 3
8 2 3  6 7 1  5 9 4
Answer: 95
3 1 8  7 2 6  4 5 9
5 4 9  1 8 3  2 6 7
7 2 6  4 5 9  3 1 8

4 6 2  9 1 7  8 3 5
1 8 5  2 3 4  9 7 6
9 3 7  5 6 8  1 2 4

6 5 4  3 9 2  7 8 1
2 7 1  8 4 5  6 9 3
8 9 3  6 7 1  5 4 2
Answer: 96
3 1 8  7 2 6  4 5 9
5 4 9  1 8 3  2 6 7
7 2 6  4 5 9  3 8 1

4 6 2  9 1 7  8 3 5
1 8 5  2 3 4  9 7 6
9 3 7  5 6 8  1 2 4

6 5 4  3 9 2  7 1 8
2 7 1  8 4 5  6 9 3
8 9 3  6 7 1  5 4 2
Answer: 97
3 1 8  7 2 6  4 5 9
5 4 9  1 8 3  2 6 7
2 7 6  4 5 9  3 1 8

4 6 2  9 1 7  8 3 5
1 8 5  2 3 4  9 7 6
9 3 7  5 6 8  1 2 4

6 5 4  3 9 2  7 8 1
7 2 1  8 4 5  6 9 3
8 9 3  6 7 1  5 4 2
Answer: 98
3 1 8  7 2 6  4 5 9
5 4 9  1 8 3  2 6 7
2 7 6  4 5 9  3 8 1

4 6 2  9 1 7  8 3 5
1 8 5  2 3 4  9 7 6
9 3 7  5 6 8  1 2 4

6 5 4  3 9 2  7 1 8
7 2 1  8 4 5  6 9 3
8 9 3  6 7 1  5 4 2
Answer: 99
3 1 8  7 2 6  4 5 9
5 4 9  1 8 3  2 6 7
7 2 6  4 5 9  3 1 8

4 6 2  9 1 7  8 3 5
1 8 5  2 3 4  9 7 6
9 3 7  5 6 8  1 4 2

6 5 4  3 9 2  7 8 1
2 7 1  8 4 5  6 9 3
8 9 3  6 7 1  5 2 4
Answer: 100
3 1 8  7 2 6  4 5 9
5 4 9  1 8 3  2 6 7
2 7 6  4 5 9  3 1 8

4 6 2  9 1 7  8 3 5
1 8 5  2 3 4  9 7 6
9 3 7  5 6 8  1 4 2

6 5 4  3 9 2  7 8 1
7 2 1  8 4 5  6 9 3
8 9 3  6 7 1  5 2 4
Answer: 101
3 1 8  7 2 6  4 5 9
5 4 9  1 8 3  2 6 7
7 2 6  4 5 9  3 8 1

4 6 2  9 1 7  8 3 5
1 8 5  2 3 4  9 7 6
9 3 7  5 6 8  1 4 2

6 5 4  3 9 2  7 1 8
2 7 1  8 4 5  6 9 3
8 9 3  6 7 1  5 2 4
Answer: 102
3 1 8  7 2 6  4 5 9
5 4 9  1 8 3  2 6 7
2 7 6  4 5 9  3 8 1

4 6 2  9 1 7  8 3 5
1 8 5  2 3 4  9 7 6
9 3 7  5 6 8  1 4 2

6 5 4  3 9 2  7 1 8
7 2 1  8 4 5  6 9 3
8 9 3  6 7 1  5 2 4
Answer: 103
1 3 8  7 2 6  4 9 5
5 4 9  1 8 3  2 6 7
7 2 6  4 5 9  3 8 1

4 6 2  9 1 7  8 5 3
8 1 5  2 3 4  9 7 6
3 9 7  5 6 8  1 2 4

6 5 4  3 9 2  7 1 8
2 7 1  8 4 5  6 3 9
9 8 3  6 7 1  5 4 2
Answer: 104
5 3 8  7 2 6  4 9 1
7 4 9  1 8 3  2 6 5
1 2 6  4 5 9  3 8 7

4 6 2  9 1 7  8 5 3
8 1 5  2 3 4  9 7 6
3 9 7  5 6 8  1 2 4

6 5 4  3 9 2  7 1 8
2 7 1  8 4 5  6 3 9
9 8 3  6 7 1  5 4 2
Answer: 105
5 3 8  7 2 6  4 9 1
7 4 9  1 8 3  2 6 5
1 2 6  4 5 9  3 8 7

4 6 2  9 1 7  8 5 3
8 1 5  2 3 4  9 7 6
3 9 7  5 6 8  1 4 2

6 5 4  3 9 2  7 1 8
2 7 1  8 4 5  6 3 9
9 8 3  6 7 1  5 2 4
Answer: 106
1 3 8  7 2 6  4 9 5
5 4 9  1 8 3  2 6 7
7 2 6  4 5 9  3 8 1

4 6 2  9 1 7  8 5 3
8 1 5  2 3 4  9 7 6
3 9 7  5 6 8  1 4 2

6 5 4  3 9 2  7 1 8
2 7 1  8 4 5  6 3 9
9 8 3  6 7 1  5 2 4
Answer: 107
1 3 8  7 2 6  4 9 5
5 4 9  1 8 3  2 6 7
2 7 6  4 5 9  3 8 1

4 6 2  9 1 7  8 5 3
8 1 5  2 3 4  9 7 6
3 9 7  5 6 8  1 2 4

6 5 4  3 9 2  7 1 8
7 2 1  8 4 5  6 3 9
9 8 3  6 7 1  5 4 2
Answer: 108
1 3 8  7 2 6  4 9 5
5 4 9  1 8 3  2 6 7
2 7 6  4 5 9  3 8 1

4 6 2  9 1 7  8 5 3
8 1 5  2 3 4  9 7 6
3 9 7  5 6 8  1 4 2

6 5 4  3 9 2  7 1 8
7 2 1  8 4 5  6 3 9
9 8 3  6 7 1  5 2 4
Answer: 109
1 3 8  7 2 6  4 9 5
5 4 9  1 8 3  2 6 7
7 2 6  4 5 9  3 1 8

4 6 2  9 1 7  8 5 3
8 1 5  2 3 4  9 7 6
3 9 7  5 6 8  1 2 4

6 5 4  3 9 2  7 8 1
2 7 1  8 4 5  6 3 9
9 8 3  6 7 1  5 4 2
Answer: 110
1 3 8  7 2 6  4 9 5
5 4 9  1 8 3  2 6 7
2 7 6  4 5 9  3 1 8

4 6 2  9 1 7  8 5 3
8 1 5  2 3 4  9 7 6
3 9 7  5 6 8  1 2 4

6 5 4  3 9 2  7 8 1
7 2 1  8 4 5  6 3 9
9 8 3  6 7 1  5 4 2
Answer: 111
1 3 8  7 2 6  4 9 5
5 4 9  1 8 3  2 6 7
7 2 6  4 5 9  3 1 8

4 6 2  9 1 7  8 5 3
8 1 5  2 3 4  9 7 6
3 9 7  5 6 8  1 4 2

6 5 4  3 9 2  7 8 1
2 7 1  8 4 5  6 3 9
9 8 3  6 7 1  5 2 4
Answer: 112
1 3 8  7 2 6  4 9 5
5 4 9  1 8 3  2 6 7
2 7 6  4 5 9  3 1 8

4 6 2  9 1 7  8 5 3
8 1 5  2 3 4  9 7 6
3 9 7  5 6 8  1 4 2

6 5 4  3 9 2  7 8 1
7 2 1  8 4 5  6 3 9
9 8 3  6 7 1  5 2 4
Answer: 113
1 3 8  7 2 6  4 9 5
5 4 9  1 8 3  2 6 7
7 2 6  4 5 9  3 1 8

4 6 2  9 1 7  8 5 3
8 1 5  2 3 4  9 7 6
3 9 7  5 6 8  1 2 4

6 5 4  3 9 2  7 8 1
9 7 1  8 4 5  6 3 2
2 8 3  6 7 1  5 4 9
Answer: 114
1 3 8  7 2 6  4 9 5
5 4 9  1 8 3  2 6 7
7 2 6  4 5 9  3 8 1

4 6 2  9 1 7  8 5 3
8 1 5  2 3 4  9 7 6
3 9 7  5 6 8  1 2 4

6 5 4  3 9 2  7 1 8
9 7 1  8 4 5  6 3 2
2 8 3  6 7 1  5 4 9
Answer: 115
5 3 8  7 2 6  4 9 1
7 4 9  1 8 3  2 6 5
1 2 6  4 5 9  3 8 7

4 6 2  9 1 7  8 5 3
8 1 5  2 3 4  9 7 6
3 9 7  5 6 8  1 2 4

6 5 4  3 9 2  7 1 8
9 7 1  8 4 5  6 3 2
2 8 3  6 7 1  5 4 9
Answer: 116
5 3 8  7 2 6  4 9 1
7 4 9  1 8 3  2 6 5
2 1 6  4 5 9  3 8 7

4 6 2  9 1 7  8 5 3
1 8 5  2 3 4  9 7 6
3 9 7  5 6 8  1 2 4

6 5 4  3 9 2  7 1 8
9 7 1  8 4 5  6 3 2
8 2 3  6 7 1  5 4 9
Answer: 117
3 5 8  7 2 6  4 9 1
7 4 9  1 8 3  2 6 5
1 2 6  4 5 9  3 8 7

6 3 2  9 1 7  8 5 4
8 1 5  2 3 4  9 7 6
4 9 7  5 6 8  1 2 3

5 6 4  3 9 2  7 1 8
2 7 1  8 4 5  6 3 9
9 8 3  6 7 1  5 4 2
Answer: 118
5 3 8  7 2 6  4 9 1
7 4 9  1 8 3  2 6 5
1 2 6  4 5 9  3 8 7

3 6 2  9 1 7  8 5 4
8 1 5  2 3 4  9 7 6
4 9 7  5 6 8  1 2 3

6 5 4  3 9 2  7 1 8
2 7 1  8 4 5  6 3 9
9 8 3  6 7 1  5 4 2
Answer: 119
1 3 8  7 2 6  4 9 5
5 4 9  1 8 3  2 6 7
7 2 6  4 5 9  3 8 1

3 6 2  9 1 7  8 5 4
8 1 5  2 3 4  9 7 6
4 9 7  5 6 8  1 2 3

6 5 4  3 9 2  7 1 8
2 7 1  8 4 5  6 3 9
9 8 3  6 7 1  5 4 2
Answer: 120
1 3 8  7 2 6  4 9 5
5 4 9  1 8 3  2 6 7
2 7 6  4 5 9  3 8 1

3 6 2  9 1 7  8 5 4
8 1 5  2 3 4  9 7 6
4 9 7  5 6 8  1 2 3

6 5 4  3 9 2  7 1 8
7 2 1  8 4 5  6 3 9
9 8 3  6 7 1  5 4 2
Answer: 121
1 3 8  7 2 6  4 9 5
5 4 9  1 8 3  2 6 7
7 2 6  4 5 9  3 1 8

3 6 2  9 1 7  8 5 4
8 1 5  2 3 4  9 7 6
4 9 7  5 6 8  1 2 3

6 5 4  3 9 2  7 8 1
2 7 1  8 4 5  6 3 9
9 8 3  6 7 1  5 4 2
Answer: 122
1 3 8  7 2 6  4 9 5
5 4 9  1 8 3  2 6 7
2 7 6  4 5 9  3 1 8

3 6 2  9 1 7  8 5 4
8 1 5  2 3 4  9 7 6
4 9 7  5 6 8  1 2 3

6 5 4  3 9 2  7 8 1
7 2 1  8 4 5  6 3 9
9 8 3  6 7 1  5 4 2
Answer: 123
1 3 8  7 2 6  4 9 5
5 4 9  1 8 3  2 6 7
7 2 6  4 5 9  3 1 8

3 6 2  9 1 7  8 5 4
8 1 5  2 3 4  9 7 6
4 9 7  5 6 8  1 2 3

6 5 4  3 9 2  7 8 1
9 7 1  8 4 5  6 3 2
2 8 3  6 7 1  5 4 9
Answer: 124
1 3 8  7 2 6  4 5 9
5 4 9  1 8 3  2 6 7
7 2 6  4 5 9  3 1 8

3 6 2  9 1 7  8 4 5
8 1 5  2 3 4  9 7 6
4 9 7  5 6 8  1 2 3

6 5 4  3 9 2  7 8 1
9 7 1  8 4 5  6 3 2
2 8 3  6 7 1  5 9 4
Answer: 125
3 5 8  7 2 6  4 9 1
7 4 9  1 8 3  2 6 5
1 2 6  4 5 9  3 8 7

6 3 2  9 1 7  8 5 4
8 1 5  2 3 4  9 7 6
4 9 7  5 6 8  1 2 3

5 6 4  3 9 2  7 1 8
9 7 1  8 4 5  6 3 2
2 8 3  6 7 1  5 4 9
Answer: 126
1 3 8  7 2 6  4 9 5
5 4 9  1 8 3  2 6 7
7 2 6  4 5 9  3 8 1

3 6 2  9 1 7  8 5 4
8 1 5  2 3 4  9 7 6
4 9 7  5 6 8  1 2 3

6 5 4  3 9 2  7 1 8
9 7 1  8 4 5  6 3 2
2 8 3  6 7 1  5 4 9
Answer: 127
5 3 8  7 2 6  4 9 1
7 4 9  1 8 3  2 6 5
1 2 6  4 5 9  3 8 7

3 6 2  9 1 7  8 5 4
8 1 5  2 3 4  9 7 6
4 9 7  5 6 8  1 2 3

6 5 4  3 9 2  7 1 8
9 7 1  8 4 5  6 3 2
2 8 3  6 7 1  5 4 9
Answer: 128
1 3 8  7 2 6  4 5 9
5 4 9  1 8 3  2 6 7
7 2 6  4 5 9  3 8 1

3 6 2  9 1 7  8 4 5
8 1 5  2 3 4  9 7 6
4 9 7  5 6 8  1 2 3

6 5 4  3 9 2  7 1 8
9 7 1  8 4 5  6 3 2
2 8 3  6 7 1  5 9 4
Answer: 129
3 5 8  7 2 6  4 9 1
7 4 9  1 8 3  2 6 5
2 1 6  4 5 9  3 8 7

6 3 2  9 1 7  8 5 4
1 8 5  2 3 4  9 7 6
4 9 7  5 6 8  1 2 3

5 6 4  3 9 2  7 1 8
9 7 1  8 4 5  6 3 2
8 2 3  6 7 1  5 4 9
Answer: 130
5 3 8  7 2 6  4 9 1
7 4 9  1 8 3  2 6 5
2 1 6  4 5 9  3 8 7

3 6 2  9 1 7  8 5 4
1 8 5  2 3 4  9 7 6
4 9 7  5 6 8  1 2 3

6 5 4  3 9 2  7 1 8
9 7 1  8 4 5  6 3 2
8 2 3  6 7 1  5 4 9
Answer: 131
3 1 8  7 2 6  4 9 5
5 4 9  1 8 3  2 6 7
2 7 6  4 5 9  3 1 8

4 6 2  9 1 7  8 5 3
1 8 5  2 3 4  9 7 6
9 3 7  5 6 8  1 2 4

6 5 4  3 9 2  7 8 1
7 9 1  8 4 5  6 3 2
8 2 3  6 7 1  5 4 9
Answer: 132
3 1 8  7 2 6  4 9 5
5 4 9  1 8 3  2 6 7
2 7 6  4 5 9  3 8 1

4 6 2  9 1 7  8 5 3
1 8 5  2 3 4  9 7 6
9 3 7  5 6 8  1 2 4

6 5 4  3 9 2  7 1 8
7 9 1  8 4 5  6 3 2
8 2 3  6 7 1  5 4 9
Answer: 133
3 1 8  7 2 6  4 9 5
5 4 9  1 8 3  2 6 7
2 7 6  4 5 9  3 8 1

4 6 2  9 1 7  8 5 3
1 8 5  2 3 4  9 7 6
9 3 7  5 6 8  1 2 4

6 5 4  3 9 2  7 1 8
7 2 1  8 4 5  6 3 9
8 9 3  6 7 1  5 4 2
Answer: 134
3 1 8  7 2 6  4 9 5
5 4 9  1 8 3  2 6 7
2 7 6  4 5 9  3 1 8

4 6 2  9 1 7  8 5 3
1 8 5  2 3 4  9 7 6
9 3 7  5 6 8  1 2 4

6 5 4  3 9 2  7 8 1
7 2 1  8 4 5  6 3 9
8 9 3  6 7 1  5 4 2
Answer: 135
3 1 8  7 2 6  4 9 5
5 4 9  1 8 3  2 6 7
2 7 6  4 5 9  3 8 1

4 6 2  9 1 7  8 5 3
1 8 5  2 3 4  9 7 6
9 3 7  5 6 8  1 4 2

6 5 4  3 9 2  7 1 8
7 2 1  8 4 5  6 3 9
8 9 3  6 7 1  5 2 4
Answer: 136
3 1 8  7 2 6  4 9 5
5 4 9  1 8 3  2 6 7
2 7 6  4 5 9  3 1 8

4 6 2  9 1 7  8 5 3
1 8 5  2 3 4  9 7 6
9 3 7  5 6 8  1 4 2

6 5 4  3 9 2  7 8 1
7 2 1  8 4 5  6 3 9
8 9 3  6 7 1  5 2 4
Answer: 137
3 1 8  7 2 6  4 9 5
5 4 9  1 8 3  2 6 7
7 2 6  4 5 9  3 8 1

4 6 2  9 1 7  8 5 3
1 8 5  2 3 4  9 7 6
9 3 7  5 6 8  1 2 4

6 5 4  3 9 2  7 1 8
2 7 1  8 4 5  6 3 9
8 9 3  6 7 1  5 4 2
Answer: 138
3 1 8  7 2 6  4 9 5
5 4 9  1 8 3  2 6 7
7 2 6  4 5 9  3 8 1

4 6 2  9 1 7  8 5 3
1 8 5  2 3 4  9 7 6
9 3 7  5 6 8  1 4 2

6 5 4  3 9 2  7 1 8
2 7 1  8 4 5  6 3 9
8 9 3  6 7 1  5 2 4
Answer: 139
3 1 8  7 2 6  4 9 5
5 4 9  1 8 3  2 6 7
7 2 6  4 5 9  3 1 8

4 6 2  9 1 7  8 5 3
1 8 5  2 3 4  9 7 6
9 3 7  5 6 8  1 2 4

6 5 4  3 9 2  7 8 1
2 7 1  8 4 5  6 3 9
8 9 3  6 7 1  5 4 2
Answer: 140
3 1 8  7 2 6  4 9 5
5 4 9  1 8 3  2 6 7
7 2 6  4 5 9  3 1 8

4 6 2  9 1 7  8 5 3
1 8 5  2 3 4  9 7 6
9 3 7  5 6 8  1 4 2

6 5 4  3 9 2  7 8 1
2 7 1  8 4 5  6 3 9
8 9 3  6 7 1  5 2 4
Answer: 141
5 3 8  7 2 6  4 1 9
7 4 9  1 8 3  2 5 6
1 2 6  4 5 9  3 7 8

3 6 2  9 1 7  8 4 5
8 1 5  2 3 4  9 6 7
4 9 7  5 6 8  1 3 2

6 5 4  3 9 2  7 8 1
2 7 1  8 4 5  6 9 3
9 8 3  6 7 1  5 2 4
Answer: 142
1 3 8  7 2 6  4 5 9
5 4 9  1 8 3  2 7 6
7 2 6  4 5 9  3 1 8

3 6 2  9 1 7  8 4 5
8 1 5  2 3 4  9 6 7
4 9 7  5 6 8  1 3 2

6 5 4  3 9 2  7 8 1
2 7 1  8 4 5  6 9 3
9 8 3  6 7 1  5 2 4
Answer: 143
1 3 8  7 2 6  4 5 9
5 4 9  1 8 3  2 7 6
2 7 6  4 5 9  3 1 8

3 6 2  9 1 7  8 4 5
8 1 5  2 3 4  9 6 7
4 9 7  5 6 8  1 3 2

6 5 4  3 9 2  7 8 1
7 2 1  8 4 5  6 9 3
9 8 3  6 7 1  5 2 4
Answer: 144
3 5 8  7 2 6  4 1 9
7 4 9  1 8 3  2 5 6
1 2 6  4 5 9  3 7 8

6 3 2  9 1 7  8 4 5
8 1 5  2 3 4  9 6 7
4 9 7  5 6 8  1 3 2

5 6 4  3 9 2  7 8 1
2 7 1  8 4 5  6 9 3
9 8 3  6 7 1  5 2 4
Answer: 145
1 3 8  7 2 6  4 5 9
5 4 9  1 8 3  2 7 6
7 2 6  4 5 9  3 8 1

3 6 2  9 1 7  8 4 5
8 1 5  2 3 4  9 6 7
4 9 7  5 6 8  1 3 2

6 5 4  3 9 2  7 1 8
2 7 1  8 4 5  6 9 3
9 8 3  6 7 1  5 2 4
Answer: 146
1 3 8  7 2 6  4 5 9
5 4 9  1 8 3  2 7 6
2 7 6  4 5 9  3 8 1

3 6 2  9 1 7  8 4 5
8 1 5  2 3 4  9 6 7
4 9 7  5 6 8  1 3 2

6 5 4  3 9 2  7 1 8
7 2 1  8 4 5  6 9 3
9 8 3  6 7 1  5 2 4
Answer: 147
1 3 8  7 2 6  4 5 9
5 4 9  1 8 3  2 7 6
7 2 6  4 5 9  3 1 8

3 6 2  9 1 7  8 4 5
8 1 5  2 3 4  9 6 7
4 9 7  5 6 8  1 3 2

6 5 4  3 9 2  7 8 1
9 7 1  8 4 5  6 2 3
2 8 3  6 7 1  5 9 4
Answer: 148
5 3 8  7 2 6  4 1 9
7 4 9  1 8 3  2 5 6
1 2 6  4 5 9  3 7 8

3 6 2  9 1 7  8 4 5
8 1 5  2 3 4  9 6 7
4 9 7  5 6 8  1 3 2

6 5 4  3 9 2  7 8 1
9 7 1  8 4 5  6 2 3
2 8 3  6 7 1  5 9 4
Answer: 149
1 3 8  7 2 6  4 9 5
5 4 9  1 8 3  2 7 6
7 2 6  4 5 9  3 1 8

3 6 2  9 1 7  8 5 4
8 1 5  2 3 4  9 6 7
4 9 7  5 6 8  1 3 2

6 5 4  3 9 2  7 8 1
9 7 1  8 4 5  6 2 3
2 8 3  6 7 1  5 4 9
Answer: 150
5 3 8  7 2 6  4 1 9
7 4 9  1 8 3  2 5 6
2 1 6  4 5 9  3 7 8

3 6 2  9 1 7  8 4 5
1 8 5  2 3 4  9 6 7
4 9 7  5 6 8  1 3 2

6 5 4  3 9 2  7 8 1
9 7 1  8 4 5  6 2 3
8 2 3  6 7 1  5 9 4
Answer: 151
1 3 8  7 2 6  4 5 9
5 4 9  1 8 3  2 7 6
7 2 6  4 5 9  3 8 1

3 6 2  9 1 7  8 4 5
8 1 5  2 3 4  9 6 7
4 9 7  5 6 8  1 3 2

6 5 4  3 9 2  7 1 8
9 7 1  8 4 5  6 2 3
2 8 3  6 7 1  5 9 4
Answer: 152
1 3 8  7 2 6  4 9 5
5 4 9  1 8 3  2 7 6
7 2 6  4 5 9  3 8 1

3 6 2  9 1 7  8 5 4
8 1 5  2 3 4  9 6 7
4 9 7  5 6 8  1 3 2

6 5 4  3 9 2  7 1 8
9 7 1  8 4 5  6 2 3
2 8 3  6 7 1  5 4 9
Answer: 153
3 5 8  7 2 6  4 1 9
7 4 9  1 8 3  2 5 6
1 2 6  4 5 9  3 7 8

6 3 2  9 1 7  8 4 5
8 1 5  2 3 4  9 6 7
4 9 7  5 6 8  1 3 2

5 6 4  3 9 2  7 8 1
9 7 1  8 4 5  6 2 3
2 8 3  6 7 1  5 9 4
Answer: 154
3 5 8  7 2 6  4 1 9
7 4 9  1 8 3  2 5 6
2 1 6  4 5 9  3 7 8

6 3 2  9 1 7  8 4 5
1 8 5  2 3 4  9 6 7
4 9 7  5 6 8  1 3 2

5 6 4  3 9 2  7 8 1
9 7 1  8 4 5  6 2 3
8 2 3  6 7 1  5 9 4
Answer: 155
1 3 8  7 2 6  4 5 9
5 4 9  1 8 3  2 7 6
2 7 6  4 5 9  3 1 8

4 6 2  9 1 7  8 3 5
8 1 5  2 3 4  9 6 7
3 9 7  5 6 8  1 4 2

6 5 4  3 9 2  7 8 1
7 2 1  8 4 5  6 9 3
9 8 3  6 7 1  5 2 4
Answer: 156
1 3 8  7 2 6  4 5 9
5 4 9  1 8 3  2 7 6
2 7 6  4 5 9  3 1 8

4 6 2  9 1 7  8 3 5
8 1 5  2 3 4  9 6 7
3 9 7  5 6 8  1 2 4

6 5 4  3 9 2  7 8 1
7 2 1  8 4 5  6 9 3
9 8 3  6 7 1  5 4 2
Answer: 157
1 3 8  7 2 6  4 5 9
5 4 9  1 8 3  2 7 6
7 2 6  4 5 9  3 1 8

4 6 2  9 1 7  8 3 5
8 1 5  2 3 4  9 6 7
3 9 7  5 6 8  1 4 2

6 5 4  3 9 2  7 8 1
2 7 1  8 4 5  6 9 3
9 8 3  6 7 1  5 2 4
Answer: 158
1 3 8  7 2 6  4 5 9
5 4 9  1 8 3  2 7 6
7 2 6  4 5 9  3 1 8

4 6 2  9 1 7  8 3 5
8 1 5  2 3 4  9 6 7
3 9 7  5 6 8  1 2 4

6 5 4  3 9 2  7 8 1
2 7 1  8 4 5  6 9 3
9 8 3  6 7 1  5 4 2
Answer: 159
1 3 8  7 2 6  4 5 9
4 5 9  1 8 3  2 7 6
2 7 6  4 5 9  3 1 8

6 4 2  9 1 7  8 3 5
8 1 5  2 3 4  9 6 7
3 9 7  5 6 8  1 4 2

5 6 4  3 9 2  7 8 1
7 2 1  8 4 5  6 9 3
9 8 3  6 7 1  5 2 4
Answer: 160
1 3 8  7 2 6  4 5 9
4 5 9  1 8 3  2 7 6
7 2 6  4 5 9  3 1 8

6 4 2  9 1 7  8 3 5
8 1 5  2 3 4  9 6 7
3 9 7  5 6 8  1 4 2

5 6 4  3 9 2  7 8 1
2 7 1  8 4 5  6 9 3
9 8 3  6 7 1  5 2 4
Answer: 161
1 3 8  7 2 6  4 5 9
4 5 9  1 8 3  2 7 6
2 7 6  4 5 9  3 1 8

6 4 2  9 1 7  8 3 5
8 1 5  2 3 4  9 6 7
3 9 7  5 6 8  1 2 4

5 6 4  3 9 2  7 8 1
7 2 1  8 4 5  6 9 3
9 8 3  6 7 1  5 4 2
Answer: 162
1 3 8  7 2 6  4 5 9
4 5 9  1 8 3  2 7 6
7 2 6  4 5 9  3 1 8

6 4 2  9 1 7  8 3 5
8 1 5  2 3 4  9 6 7
3 9 7  5 6 8  1 2 4

5 6 4  3 9 2  7 8 1
2 7 1  8 4 5  6 9 3
9 8 3  6 7 1  5 4 2
Answer: 163
5 3 8  7 2 6  4 1 9
7 4 9  1 8 3  2 5 6
1 2 6  4 5 9  3 7 8

4 6 2  9 1 7  8 3 5
8 1 5  2 3 4  9 6 7
3 9 7  5 6 8  1 4 2

6 5 4  3 9 2  7 8 1
2 7 1  8 4 5  6 9 3
9 8 3  6 7 1  5 2 4
Answer: 164
5 3 8  7 2 6  4 1 9
7 4 9  1 8 3  2 5 6
1 2 6  4 5 9  3 7 8

4 6 2  9 1 7  8 3 5
8 1 5  2 3 4  9 6 7
3 9 7  5 6 8  1 2 4

6 5 4  3 9 2  7 8 1
2 7 1  8 4 5  6 9 3
9 8 3  6 7 1  5 4 2
Answer: 165
1 3 8  7 2 6  4 5 9
5 4 9  1 8 3  2 7 6
2 7 6  4 5 9  3 8 1

4 6 2  9 1 7  8 3 5
8 1 5  2 3 4  9 6 7
3 9 7  5 6 8  1 4 2

6 5 4  3 9 2  7 1 8
7 2 1  8 4 5  6 9 3
9 8 3  6 7 1  5 2 4
Answer: 166
1 3 8  7 2 6  4 5 9
4 5 9  1 8 3  2 7 6
2 7 6  4 5 9  3 8 1

6 4 2  9 1 7  8 3 5
8 1 5  2 3 4  9 6 7
3 9 7  5 6 8  1 4 2

5 6 4  3 9 2  7 1 8
7 2 1  8 4 5  6 9 3
9 8 3  6 7 1  5 2 4
Answer: 167
1 3 8  7 2 6  4 5 9
5 4 9  1 8 3  2 7 6
7 2 6  4 5 9  3 8 1

4 6 2  9 1 7  8 3 5
8 1 5  2 3 4  9 6 7
3 9 7  5 6 8  1 4 2

6 5 4  3 9 2  7 1 8
2 7 1  8 4 5  6 9 3
9 8 3  6 7 1  5 2 4
Answer: 168
1 3 8  7 2 6  4 5 9
4 5 9  1 8 3  2 7 6
7 2 6  4 5 9  3 8 1

6 4 2  9 1 7  8 3 5
8 1 5  2 3 4  9 6 7
3 9 7  5 6 8  1 4 2

5 6 4  3 9 2  7 1 8
2 7 1  8 4 5  6 9 3
9 8 3  6 7 1  5 2 4
Answer: 169
1 3 8  7 2 6  4 5 9
5 4 9  1 8 3  2 7 6
2 7 6  4 5 9  3 8 1

4 6 2  9 1 7  8 3 5
8 1 5  2 3 4  9 6 7
3 9 7  5 6 8  1 2 4

6 5 4  3 9 2  7 1 8
7 2 1  8 4 5  6 9 3
9 8 3  6 7 1  5 4 2
Answer: 170
1 3 8  7 2 6  4 5 9
5 4 9  1 8 3  2 7 6
7 2 6  4 5 9  3 8 1

4 6 2  9 1 7  8 3 5
8 1 5  2 3 4  9 6 7
3 9 7  5 6 8  1 2 4

6 5 4  3 9 2  7 1 8
2 7 1  8 4 5  6 9 3
9 8 3  6 7 1  5 4 2
Answer: 171
1 3 8  7 2 6  4 5 9
4 5 9  1 8 3  2 7 6
2 7 6  4 5 9  3 8 1

6 4 2  9 1 7  8 3 5
8 1 5  2 3 4  9 6 7
3 9 7  5 6 8  1 2 4

5 6 4  3 9 2  7 1 8
7 2 1  8 4 5  6 9 3
9 8 3  6 7 1  5 4 2
Answer: 172
1 3 8  7 2 6  4 5 9
4 5 9  1 8 3  2 7 6
7 2 6  4 5 9  3 8 1

6 4 2  9 1 7  8 3 5
8 1 5  2 3 4  9 6 7
3 9 7  5 6 8  1 2 4

5 6 4  3 9 2  7 1 8
2 7 1  8 4 5  6 9 3
9 8 3  6 7 1  5 4 2
Answer: 173
1 3 8  7 2 6  4 5 9
5 4 9  1 8 3  2 7 6
7 2 6  4 5 9  3 1 8

4 6 2  9 1 7  8 3 5
8 1 5  2 3 4  9 6 7
3 9 7  5 6 8  1 4 2

6 5 4  3 9 2  7 8 1
9 7 1  8 4 5  6 2 3
2 8 3  6 7 1  5 9 4
Answer: 174
1 3 8  7 2 6  4 5 9
4 5 9  1 8 3  2 7 6
7 2 6  4 5 9  3 1 8

6 4 2  9 1 7  8 3 5
8 1 5  2 3 4  9 6 7
3 9 7  5 6 8  1 4 2

5 6 4  3 9 2  7 8 1
9 7 1  8 4 5  6 2 3
2 8 3  6 7 1  5 9 4
Answer: 175
5 3 8  7 2 6  4 1 9
7 4 9  1 8 3  2 5 6
1 2 6  4 5 9  3 7 8

4 6 2  9 1 7  8 3 5
8 1 5  2 3 4  9 6 7
3 9 7  5 6 8  1 4 2

6 5 4  3 9 2  7 8 1
9 7 1  8 4 5  6 2 3
2 8 3  6 7 1  5 9 4
Answer: 176
1 3 8  7 2 6  4 5 9
4 5 9  1 8 3  2 7 6
7 2 6  4 5 9  3 8 1

6 4 2  9 1 7  8 3 5
8 1 5  2 3 4  9 6 7
3 9 7  5 6 8  1 4 2

5 6 4  3 9 2  7 1 8
9 7 1  8 4 5  6 2 3
2 8 3  6 7 1  5 9 4
Answer: 177
1 3 8  7 2 6  4 5 9
5 4 9  1 8 3  2 7 6
7 2 6  4 5 9  3 8 1

4 6 2  9 1 7  8 3 5
8 1 5  2 3 4  9 6 7
3 9 7  5 6 8  1 4 2

6 5 4  3 9 2  7 1 8
9 7 1  8 4 5  6 2 3
2 8 3  6 7 1  5 9 4
Answer: 178
5 3 8  7 2 6  4 1 9
7 4 9  1 8 3  2 5 6
2 1 6  4 5 9  3 7 8

4 6 2  9 1 7  8 3 5
1 8 5  2 3 4  9 6 7
3 9 7  5 6 8  1 4 2

6 5 4  3 9 2  7 8 1
9 7 1  8 4 5  6 2 3
8 2 3  6 7 1  5 9 4
Answer: 179
3 5 8  7 2 6  4 1 9
4 7 9  1 8 3  2 5 6
1 2 6  4 5 9  3 7 8

6 4 2  9 1 7  8 3 5
8 1 5  2 3 4  9 6 7
9 3 7  5 6 8  1 4 2

5 6 4  3 9 2  7 8 1
7 9 1  8 4 5  6 2 3
2 8 3  6 7 1  5 9 4
Answer: 180
3 5 8  7 2 6  4 1 9
4 7 9  1 8 3  2 5 6
1 2 6  4 5 9  3 7 8

6 3 2  9 1 7  8 4 5
8 1 5  2 3 4  9 6 7
9 4 7  5 6 8  1 3 2

5 6 4  3 9 2  7 8 1
7 9 1  8 4 5  6 2 3
2 8 3  6 7 1  5 9 4
Answer: 181
5 3 8  7 2 6  4 1 9
4 7 9  1 8 3  2 5 6
1 2 6  4 5 9  3 7 8

3 6 2  9 1 7  8 4 5
8 1 5  2 3 4  9 6 7
9 4 7  5 6 8  1 3 2

6 5 4  3 9 2  7 8 1
7 9 1  8 4 5  6 2 3
2 8 3  6 7 1  5 9 4
Answer: 182
3 1 8  7 2 6  4 5 9
4 5 9  1 8 3  2 7 6
2 7 6  4 5 9  3 1 8

6 3 2  9 1 7  8 4 5
1 8 5  2 3 4  9 6 7
9 4 7  5 6 8  1 3 2

5 6 4  3 9 2  7 8 1
7 9 1  8 4 5  6 2 3
8 2 3  6 7 1  5 9 4
Answer: 183
3 1 8  7 2 6  4 5 9
4 5 9  1 8 3  2 7 6
2 7 6  4 5 9  3 1 8

6 4 2  9 1 7  8 3 5
1 8 5  2 3 4  9 6 7
9 3 7  5 6 8  1 4 2

5 6 4  3 9 2  7 8 1
7 9 1  8 4 5  6 2 3
8 2 3  6 7 1  5 9 4
Answer: 184
3 1 8  7 2 6  4 5 9
5 4 9  1 8 3  2 7 6
2 7 6  4 5 9  3 1 8

4 6 2  9 1 7  8 3 5
1 8 5  2 3 4  9 6 7
9 3 7  5 6 8  1 4 2

6 5 4  3 9 2  7 8 1
7 9 1  8 4 5  6 2 3
8 2 3  6 7 1  5 9 4
Answer: 185
3 1 8  7 2 6  4 9 5
4 5 9  1 8 3  2 7 6
2 7 6  4 5 9  3 1 8

6 3 2  9 1 7  8 5 4
1 8 5  2 3 4  9 6 7
9 4 7  5 6 8  1 3 2

5 6 4  3 9 2  7 8 1
7 9 1  8 4 5  6 2 3
8 2 3  6 7 1  5 4 9
Answer: 186
3 1 8  7 2 6  4 5 9
4 5 9  1 8 3  2 7 6
2 7 6  4 5 9  3 1 8

6 3 2  9 1 7  8 4 5
1 8 5  2 3 4  9 6 7
9 4 7  5 6 8  1 3 2

5 6 4  3 9 2  7 8 1
7 2 1  8 4 5  6 9 3
8 9 3  6 7 1  5 2 4
Answer: 187
3 1 8  7 2 6  4 5 9
4 5 9  1 8 3  2 7 6
2 7 6  4 5 9  3 1 8

6 4 2  9 1 7  8 3 5
1 8 5  2 3 4  9 6 7
9 3 7  5 6 8  1 4 2

5 6 4  3 9 2  7 8 1
7 2 1  8 4 5  6 9 3
8 9 3  6 7 1  5 2 4
Answer: 188
3 1 8  7 2 6  4 5 9
4 5 9  1 8 3  2 7 6
7 2 6  4 5 9  3 1 8

6 4 2  9 1 7  8 3 5
1 8 5  2 3 4  9 6 7
9 3 7  5 6 8  1 4 2

5 6 4  3 9 2  7 8 1
2 7 1  8 4 5  6 9 3
8 9 3  6 7 1  5 2 4
Answer: 189
3 1 8  7 2 6  4 5 9
4 5 9  1 8 3  2 7 6
7 2 6  4 5 9  3 1 8

6 3 2  9 1 7  8 4 5
1 8 5  2 3 4  9 6 7
9 4 7  5 6 8  1 3 2

5 6 4  3 9 2  7 8 1
2 7 1  8 4 5  6 9 3
8 9 3  6 7 1  5 2 4
Answer: 190
3 1 8  7 2 6  4 5 9
4 5 9  1 8 3  2 7 6
2 7 6  4 5 9  3 1 8

6 4 2  9 1 7  8 3 5
1 8 5  2 3 4  9 6 7
9 3 7  5 6 8  1 2 4

5 6 4  3 9 2  7 8 1
7 2 1  8 4 5  6 9 3
8 9 3  6 7 1  5 4 2
Answer: 191
3 1 8  7 2 6  4 5 9
4 5 9  1 8 3  2 7 6
7 2 6  4 5 9  3 1 8

6 4 2  9 1 7  8 3 5
1 8 5  2 3 4  9 6 7
9 3 7  5 6 8  1 2 4

5 6 4  3 9 2  7 8 1
2 7 1  8 4 5  6 9 3
8 9 3  6 7 1  5 4 2
Answer: 192
3 1 8  7 2 6  4 5 9
5 4 9  1 8 3  2 7 6
2 7 6  4 5 9  3 1 8

4 6 2  9 1 7  8 3 5
1 8 5  2 3 4  9 6 7
9 3 7  5 6 8  1 4 2

6 5 4  3 9 2  7 8 1
7 2 1  8 4 5  6 9 3
8 9 3  6 7 1  5 2 4
Answer: 193
3 1 8  7 2 6  4 5 9
5 4 9  1 8 3  2 7 6
2 7 6  4 5 9  3 1 8

4 6 2  9 1 7  8 3 5
1 8 5  2 3 4  9 6 7
9 3 7  5 6 8  1 2 4

6 5 4  3 9 2  7 8 1
7 2 1  8 4 5  6 9 3
8 9 3  6 7 1  5 4 2
Answer: 194
3 1 8  7 2 6  4 5 9
5 4 9  1 8 3  2 7 6
7 2 6  4 5 9  3 1 8

4 6 2  9 1 7  8 3 5
1 8 5  2 3 4  9 6 7
9 3 7  5 6 8  1 4 2

6 5 4  3 9 2  7 8 1
2 7 1  8 4 5  6 9 3
8 9 3  6 7 1  5 2 4
Answer: 195
3 1 8  7 2 6  4 5 9
5 4 9  1 8 3  2 7 6
7 2 6  4 5 9  3 1 8

4 6 2  9 1 7  8 3 5
1 8 5  2 3 4  9 6 7
9 3 7  5 6 8  1 2 4

6 5 4  3 9 2  7 8 1
2 7 1  8 4 5  6 9 3
8 9 3  6 7 1  5 4 2
Answer: 196
3 5 8  7 2 6  4 1 9
4 7 9  1 8 3  2 5 6
2 1 6  4 5 9  3 7 8

6 4 2  9 1 7  8 3 5
1 8 5  2 3 4  9 6 7
9 3 7  5 6 8  1 4 2

5 6 4  3 9 2  7 8 1
7 9 1  8 4 5  6 2 3
8 2 3  6 7 1  5 9 4
Answer: 197
3 5 8  7 2 6  4 1 9
4 7 9  1 8 3  2 5 6
2 1 6  4 5 9  3 7 8

6 3 2  9 1 7  8 4 5
1 8 5  2 3 4  9 6 7
9 4 7  5 6 8  1 3 2

5 6 4  3 9 2  7 8 1
7 9 1  8 4 5  6 2 3
8 2 3  6 7 1  5 9 4
Answer: 198
5 3 8  7 2 6  4 1 9
4 7 9  1 8 3  2 5 6
2 1 6  4 5 9  3 7 8

3 6 2  9 1 7  8 4 5
1 8 5  2 3 4  9 6 7
9 4 7  5 6 8  1 3 2

6 5 4  3 9 2  7 8 1
7 9 1  8 4 5  6 2 3
8 2 3  6 7 1  5 9 4
Answer: 199
3 5 8  7 2 6  4 1 9
4 7 9  1 8 3  2 5 6
2 1 6  4 5 9  3 7 8

6 4 2  9 1 7  8 3 5
1 8 5  2 3 4  9 6 7
9 3 7  5 6 8  1 4 2

5 6 4  3 9 2  7 8 1
7 2 1  8 4 5  6 9 3
8 9 3  6 7 1  5 2 4
Answer: 200
3 5 8  7 2 6  4 1 9
4 7 9  1 8 3  2 5 6
2 1 6  4 5 9  3 7 8

6 3 2  9 1 7  8 4 5
1 8 5  2 3 4  9 6 7
9 4 7  5 6 8  1 3 2

5 6 4  3 9 2  7 8 1
7 2 1  8 4 5  6 9 3
8 9 3  6 7 1  5 2 4
Answer: 201
3 5 8  7 2 6  4 1 9
4 7 9  1 8 3  2 5 6
2 1 6  4 5 9  3 7 8

6 4 2  9 1 7  8 3 5
1 8 5  2 3 4  9 6 7
9 3 7  5 6 8  1 2 4

5 6 4  3 9 2  7 8 1
7 2 1  8 4 5  6 9 3
8 9 3  6 7 1  5 4 2
Answer: 202
5 3 8  7 2 6  4 1 9
4 7 9  1 8 3  2 5 6
2 1 6  4 5 9  3 7 8

3 6 2  9 1 7  8 4 5
1 8 5  2 3 4  9 6 7
9 4 7  5 6 8  1 3 2

6 5 4  3 9 2  7 8 1
7 2 1  8 4 5  6 9 3
8 9 3  6 7 1  5 2 4
Answer: 203
3 1 8  7 2 6  4 5 9
4 5 9  1 8 3  2 7 6
2 7 6  4 5 9  3 8 1

6 4 2  9 1 7  8 3 5
1 8 5  2 3 4  9 6 7
9 3 7  5 6 8  1 4 2

5 6 4  3 9 2  7 1 8
7 9 1  8 4 5  6 2 3
8 2 3  6 7 1  5 9 4
Answer: 204
3 1 8  7 2 6  4 5 9
4 5 9  1 8 3  2 7 6
2 7 6  4 5 9  3 8 1

6 3 2  9 1 7  8 4 5
1 8 5  2 3 4  9 6 7
9 4 7  5 6 8  1 3 2

5 6 4  3 9 2  7 1 8
7 9 1  8 4 5  6 2 3
8 2 3  6 7 1  5 9 4
Answer: 205
3 1 8  7 2 6  4 5 9
5 4 9  1 8 3  2 7 6
2 7 6  4 5 9  3 8 1

4 6 2  9 1 7  8 3 5
1 8 5  2 3 4  9 6 7
9 3 7  5 6 8  1 4 2

6 5 4  3 9 2  7 1 8
7 9 1  8 4 5  6 2 3
8 2 3  6 7 1  5 9 4
Answer: 206
3 1 8  7 2 6  4 9 5
4 5 9  1 8 3  2 7 6
2 7 6  4 5 9  3 8 1

6 3 2  9 1 7  8 5 4
1 8 5  2 3 4  9 6 7
9 4 7  5 6 8  1 3 2

5 6 4  3 9 2  7 1 8
7 9 1  8 4 5  6 2 3
8 2 3  6 7 1  5 4 9
Answer: 207
3 1 8  7 2 6  4 5 9
4 5 9  1 8 3  2 7 6
2 7 6  4 5 9  3 8 1

6 4 2  9 1 7  8 3 5
1 8 5  2 3 4  9 6 7
9 3 7  5 6 8  1 2 4

5 6 4  3 9 2  7 1 8
7 2 1  8 4 5  6 9 3
8 9 3  6 7 1  5 4 2
Answer: 208
3 1 8  7 2 6  4 5 9
4 5 9  1 8 3  2 7 6
7 2 6  4 5 9  3 8 1

6 4 2  9 1 7  8 3 5
1 8 5  2 3 4  9 6 7
9 3 7  5 6 8  1 2 4

5 6 4  3 9 2  7 1 8
2 7 1  8 4 5  6 9 3
8 9 3  6 7 1  5 4 2
Answer: 209
3 1 8  7 2 6  4 5 9
5 4 9  1 8 3  2 7 6
2 7 6  4 5 9  3 8 1

4 6 2  9 1 7  8 3 5
1 8 5  2 3 4  9 6 7
9 3 7  5 6 8  1 2 4

6 5 4  3 9 2  7 1 8
7 2 1  8 4 5  6 9 3
8 9 3  6 7 1  5 4 2
Answer: 210
3 1 8  7 2 6  4 5 9
5 4 9  1 8 3  2 7 6
7 2 6  4 5 9  3 8 1

4 6 2  9 1 7  8 3 5
1 8 5  2 3 4  9 6 7
9 3 7  5 6 8  1 2 4

6 5 4  3 9 2  7 1 8
2 7 1  8 4 5  6 9 3
8 9 3  6 7 1  5 4 2
Answer: 211
3 1 8  7 2 6  4 5 9
4 5 9  1 8 3  2 7 6
2 7 6  4 5 9  3 8 1

6 3 2  9 1 7  8 4 5
1 8 5  2 3 4  9 6 7
9 4 7  5 6 8  1 3 2

5 6 4  3 9 2  7 1 8
7 2 1  8 4 5  6 9 3
8 9 3  6 7 1  5 2 4
Answer: 212
3 1 8  7 2 6  4 5 9
4 5 9  1 8 3  2 7 6
2 7 6  4 5 9  3 8 1

6 4 2  9 1 7  8 3 5
1 8 5  2 3 4  9 6 7
9 3 7  5 6 8  1 4 2

5 6 4  3 9 2  7 1 8
7 2 1  8 4 5  6 9 3
8 9 3  6 7 1  5 2 4
Answer: 213
3 1 8  7 2 6  4 5 9
5 4 9  1 8 3  2 7 6
2 7 6  4 5 9  3 8 1

4 6 2  9 1 7  8 3 5
1 8 5  2 3 4  9 6 7
9 3 7  5 6 8  1 4 2

6 5 4  3 9 2  7 1 8
7 2 1  8 4 5  6 9 3
8 9 3  6 7 1  5 2 4
Answer: 214
3 1 8  7 2 6  4 5 9
4 5 9  1 8 3  2 7 6
7 2 6  4 5 9  3 8 1

6 3 2  9 1 7  8 4 5
1 8 5  2 3 4  9 6 7
9 4 7  5 6 8  1 3 2

5 6 4  3 9 2  7 1 8
2 7 1  8 4 5  6 9 3
8 9 3  6 7 1  5 2 4
Answer: 215
3 1 8  7 2 6  4 5 9
4 5 9  1 8 3  2 7 6
7 2 6  4 5 9  3 8 1

6 4 2  9 1 7  8 3 5
1 8 5  2 3 4  9 6 7
9 3 7  5 6 8  1 4 2

5 6 4  3 9 2  7 1 8
2 7 1  8 4 5  6 9 3
8 9 3  6 7 1  5 2 4
Answer: 216
3 1 8  7 2 6  4 5 9
5 4 9  1 8 3  2 7 6
7 2 6  4 5 9  3 8 1

4 6 2  9 1 7  8 3 5
1 8 5  2 3 4  9 6 7
9 3 7  5 6 8  1 4 2

6 5 4  3 9 2  7 1 8
2 7 1  8 4 5  6 9 3
8 9 3  6 7 1  5 2 4
Answer: 217
1 3 8  7 2 6  4 9 5
5 4 9  1 8 3  2 7 6
2 7 6  4 5 9  3 1 8

4 6 2  9 1 7  8 5 3
8 1 5  2 3 4  9 6 7
3 9 7  5 6 8  1 4 2

6 5 4  3 9 2  7 8 1
7 2 1  8 4 5  6 3 9
9 8 3  6 7 1  5 2 4
Answer: 218
1 3 8  7 2 6  4 9 5
5 4 9  1 8 3  2 7 6
7 2 6  4 5 9  3 1 8

4 6 2  9 1 7  8 5 3
8 1 5  2 3 4  9 6 7
3 9 7  5 6 8  1 4 2

6 5 4  3 9 2  7 8 1
2 7 1  8 4 5  6 3 9
9 8 3  6 7 1  5 2 4
Answer: 219
1 3 8  7 2 6  4 9 5
5 4 9  1 8 3  2 7 6
2 7 6  4 5 9  3 1 8

4 6 2  9 1 7  8 5 3
8 1 5  2 3 4  9 6 7
3 9 7  5 6 8  1 2 4

6 5 4  3 9 2  7 8 1
7 2 1  8 4 5  6 3 9
9 8 3  6 7 1  5 4 2
Answer: 220
1 3 8  7 2 6  4 9 5
5 4 9  1 8 3  2 7 6
7 2 6  4 5 9  3 1 8

4 6 2  9 1 7  8 5 3
8 1 5  2 3 4  9 6 7
3 9 7  5 6 8  1 2 4

6 5 4  3 9 2  7 8 1
2 7 1  8 4 5  6 3 9
9 8 3  6 7 1  5 4 2
Answer: 221
1 3 8  7 2 6  4 9 5
4 5 9  1 8 3  2 7 6
2 7 6  4 5 9  3 1 8

6 4 2  9 1 7  8 5 3
8 1 5  2 3 4  9 6 7
3 9 7  5 6 8  1 4 2

5 6 4  3 9 2  7 8 1
7 2 1  8 4 5  6 3 9
9 8 3  6 7 1  5 2 4
Answer: 222
1 3 8  7 2 6  4 9 5
4 5 9  1 8 3  2 7 6
2 7 6  4 5 9  3 1 8

6 4 2  9 1 7  8 5 3
8 1 5  2 3 4  9 6 7
3 9 7  5 6 8  1 2 4

5 6 4  3 9 2  7 8 1
7 2 1  8 4 5  6 3 9
9 8 3  6 7 1  5 4 2
Answer: 223
1 3 8  7 2 6  4 9 5
4 5 9  1 8 3  2 7 6
7 2 6  4 5 9  3 1 8

6 4 2  9 1 7  8 5 3
8 1 5  2 3 4  9 6 7
3 9 7  5 6 8  1 4 2

5 6 4  3 9 2  7 8 1
2 7 1  8 4 5  6 3 9
9 8 3  6 7 1  5 2 4
Answer: 224
1 3 8  7 2 6  4 9 5
4 5 9  1 8 3  2 7 6
7 2 6  4 5 9  3 1 8

6 4 2  9 1 7  8 5 3
8 1 5  2 3 4  9 6 7
3 9 7  5 6 8  1 2 4

5 6 4  3 9 2  7 8 1
2 7 1  8 4 5  6 3 9
9 8 3  6 7 1  5 4 2
Answer: 225
1 3 8  7 2 6  4 9 5
4 5 9  1 8 3  2 7 6
7 2 6  4 5 9  3 1 8

6 4 2  9 1 7  8 5 3
8 1 5  2 3 4  9 6 7
3 9 7  5 6 8  1 2 4

5 6 4  3 9 2  7 8 1
9 7 1  8 4 5  6 3 2
2 8 3  6 7 1  5 4 9
Answer: 226
1 3 8  7 2 6  4 9 5
5 4 9  1 8 3  2 7 6
7 2 6  4 5 9  3 1 8

4 6 2  9 1 7  8 5 3
8 1 5  2 3 4  9 6 7
3 9 7  5 6 8  1 2 4

6 5 4  3 9 2  7 8 1
9 7 1  8 4 5  6 3 2
2 8 3  6 7 1  5 4 9
Answer: 227
1 3 8  7 2 6  4 9 5
5 4 9  1 8 3  2 7 6
2 7 6  4 5 9  3 1 8

3 6 2  9 1 7  8 5 4
8 1 5  2 3 4  9 6 7
4 9 7  5 6 8  1 2 3

6 5 4  3 9 2  7 8 1
7 2 1  8 4 5  6 3 9
9 8 3  6 7 1  5 4 2
Answer: 228
1 3 8  7 2 6  4 9 5
5 4 9  1 8 3  2 7 6
7 2 6  4 5 9  3 1 8

3 6 2  9 1 7  8 5 4
8 1 5  2 3 4  9 6 7
4 9 7  5 6 8  1 2 3

6 5 4  3 9 2  7 8 1
2 7 1  8 4 5  6 3 9
9 8 3  6 7 1  5 4 2
Answer: 229
1 3 8  7 2 6  4 5 9
5 4 9  1 8 3  2 7 6
7 2 6  4 5 9  3 1 8

3 6 2  9 1 7  8 4 5
8 1 5  2 3 4  9 6 7
4 9 7  5 6 8  1 2 3

6 5 4  3 9 2  7 8 1
9 7 1  8 4 5  6 3 2
2 8 3  6 7 1  5 9 4
Answer: 230
1 3 8  7 2 6  4 9 5
5 4 9  1 8 3  2 7 6
7 2 6  4 5 9  3 1 8

3 6 2  9 1 7  8 5 4
8 1 5  2 3 4  9 6 7
4 9 7  5 6 8  1 2 3

6 5 4  3 9 2  7 8 1
9 7 1  8 4 5  6 3 2
2 8 3  6 7 1  5 4 9
Answer: 231
5 3 8  7 2 6  4 1 9
7 4 9  1 8 3  2 5 6
1 2 6  4 5 9  3 7 8

3 6 2  9 1 7  8 4 5
8 1 5  2 3 4  9 6 7
4 9 7  5 6 8  1 2 3

6 5 4  3 9 2  7 8 1
9 7 1  8 4 5  6 3 2
2 8 3  6 7 1  5 9 4
Answer: 232
3 5 8  7 2 6  4 1 9
7 4 9  1 8 3  2 5 6
1 2 6  4 5 9  3 7 8

6 3 2  9 1 7  8 4 5
8 1 5  2 3 4  9 6 7
4 9 7  5 6 8  1 2 3

5 6 4  3 9 2  7 8 1
9 7 1  8 4 5  6 3 2
2 8 3  6 7 1  5 9 4
Answer: 233
5 3 8  7 2 6  4 1 9
4 7 9  1 8 3  2 5 6
1 2 6  4 5 9  3 7 8

3 6 2  9 1 7  8 4 5
8 1 5  2 3 4  9 6 7
9 4 7  5 6 8  1 2 3

6 5 4  3 9 2  7 8 1
7 9 1  8 4 5  6 3 2
2 8 3  6 7 1  5 9 4
Answer: 234
3 5 8  7 2 6  4 1 9
4 7 9  1 8 3  2 5 6
1 2 6  4 5 9  3 7 8

6 3 2  9 1 7  8 4 5
8 1 5  2 3 4  9 6 7
9 4 7  5 6 8  1 2 3

5 6 4  3 9 2  7 8 1
7 9 1  8 4 5  6 3 2
2 8 3  6 7 1  5 9 4
Answer: 235
1 3 8  7 2 6  4 9 5
5 4 9  1 8 3  2 7 6
2 7 6  4 5 9  3 8 1

3 6 2  9 1 7  8 5 4
8 1 5  2 3 4  9 6 7
4 9 7  5 6 8  1 2 3

6 5 4  3 9 2  7 1 8
7 2 1  8 4 5  6 3 9
9 8 3  6 7 1  5 4 2
Answer: 236
1 3 8  7 2 6  4 9 5
5 4 9  1 8 3  2 7 6
7 2 6  4 5 9  3 8 1

3 6 2  9 1 7  8 5 4
8 1 5  2 3 4  9 6 7
4 9 7  5 6 8  1 2 3

6 5 4  3 9 2  7 1 8
2 7 1  8 4 5  6 3 9
9 8 3  6 7 1  5 4 2
Answer: 237
1 3 8  7 2 6  4 5 9
5 4 9  1 8 3  2 7 6
7 2 6  4 5 9  3 8 1

3 6 2  9 1 7  8 4 5
8 1 5  2 3 4  9 6 7
4 9 7  5 6 8  1 2 3

6 5 4  3 9 2  7 1 8
9 7 1  8 4 5  6 3 2
2 8 3  6 7 1  5 9 4
Answer: 238
1 3 8  7 2 6  4 9 5
5 4 9  1 8 3  2 7 6
7 2 6  4 5 9  3 8 1

3 6 2  9 1 7  8 5 4
8 1 5  2 3 4  9 6 7
4 9 7  5 6 8  1 2 3

6 5 4  3 9 2  7 1 8
9 7 1  8 4 5  6 3 2
2 8 3  6 7 1  5 4 9
Answer: 239
1 3 8  7 2 6  4 9 5
4 5 9  1 8 3  2 7 6
2 7 6  4 5 9  3 8 1

6 4 2  9 1 7  8 5 3
8 1 5  2 3 4  9 6 7
3 9 7  5 6 8  1 4 2

5 6 4  3 9 2  7 1 8
7 2 1  8 4 5  6 3 9
9 8 3  6 7 1  5 2 4
Answer: 240
1 3 8  7 2 6  4 9 5
4 5 9  1 8 3  2 7 6
7 2 6  4 5 9  3 8 1

6 4 2  9 1 7  8 5 3
8 1 5  2 3 4  9 6 7
3 9 7  5 6 8  1 4 2

5 6 4  3 9 2  7 1 8
2 7 1  8 4 5  6 3 9
9 8 3  6 7 1  5 2 4
Answer: 241
1 3 8  7 2 6  4 9 5
4 5 9  1 8 3  2 7 6
2 7 6  4 5 9  3 8 1

6 4 2  9 1 7  8 5 3
8 1 5  2 3 4  9 6 7
3 9 7  5 6 8  1 2 4

5 6 4  3 9 2  7 1 8
7 2 1  8 4 5  6 3 9
9 8 3  6 7 1  5 4 2
Answer: 242
1 3 8  7 2 6  4 9 5
4 5 9  1 8 3  2 7 6
7 2 6  4 5 9  3 8 1

6 4 2  9 1 7  8 5 3
8 1 5  2 3 4  9 6 7
3 9 7  5 6 8  1 2 4

5 6 4  3 9 2  7 1 8
2 7 1  8 4 5  6 3 9
9 8 3  6 7 1  5 4 2
Answer: 243
1 3 8  7 2 6  4 9 5
5 4 9  1 8 3  2 7 6
2 7 6  4 5 9  3 8 1

4 6 2  9 1 7  8 5 3
8 1 5  2 3 4  9 6 7
3 9 7  5 6 8  1 4 2

6 5 4  3 9 2  7 1 8
7 2 1  8 4 5  6 3 9
9 8 3  6 7 1  5 2 4
Answer: 244
1 3 8  7 2 6  4 9 5
5 4 9  1 8 3  2 7 6
2 7 6  4 5 9  3 8 1

4 6 2  9 1 7  8 5 3
8 1 5  2 3 4  9 6 7
3 9 7  5 6 8  1 2 4

6 5 4  3 9 2  7 1 8
7 2 1  8 4 5  6 3 9
9 8 3  6 7 1  5 4 2
Answer: 245
1 3 8  7 2 6  4 9 5
5 4 9  1 8 3  2 7 6
7 2 6  4 5 9  3 8 1

4 6 2  9 1 7  8 5 3
8 1 5  2 3 4  9 6 7
3 9 7  5 6 8  1 4 2

6 5 4  3 9 2  7 1 8
2 7 1  8 4 5  6 3 9
9 8 3  6 7 1  5 2 4
Answer: 246
1 3 8  7 2 6  4 9 5
5 4 9  1 8 3  2 7 6
7 2 6  4 5 9  3 8 1

4 6 2  9 1 7  8 5 3
8 1 5  2 3 4  9 6 7
3 9 7  5 6 8  1 2 4

6 5 4  3 9 2  7 1 8
2 7 1  8 4 5  6 3 9
9 8 3  6 7 1  5 4 2
Answer: 247
1 3 8  7 2 6  4 9 5
5 4 9  1 8 3  2 7 6
7 2 6  4 5 9  3 8 1

4 6 2  9 1 7  8 5 3
8 1 5  2 3 4  9 6 7
3 9 7  5 6 8  1 2 4

6 5 4  3 9 2  7 1 8
9 7 1  8 4 5  6 3 2
2 8 3  6 7 1  5 4 9
Answer: 248
1 3 8  7 2 6  4 9 5
4 5 9  1 8 3  2 7 6
7 2 6  4 5 9  3 8 1

6 4 2  9 1 7  8 5 3
8 1 5  2 3 4  9 6 7
3 9 7  5 6 8  1 2 4

5 6 4  3 9 2  7 1 8
9 7 1  8 4 5  6 3 2
2 8 3  6 7 1  5 4 9
Answer: 249
3 1 8  7 2 6  4 9 5
5 4 9  1 8 3  2 7 6
7 2 6  4 5 9  3 1 8

4 6 2  9 1 7  8 5 3
1 8 5  2 3 4  9 6 7
9 3 7  5 6 8  1 4 2

6 5 4  3 9 2  7 8 1
2 7 1  8 4 5  6 3 9
8 9 3  6 7 1  5 2 4
Answer: 250
3 1 8  7 2 6  4 9 5
4 5 9  1 8 3  2 7 6
7 2 6  4 5 9  3 1 8

6 4 2  9 1 7  8 5 3
1 8 5  2 3 4  9 6 7
9 3 7  5 6 8  1 4 2

5 6 4  3 9 2  7 8 1
2 7 1  8 4 5  6 3 9
8 9 3  6 7 1  5 2 4
Answer: 251
3 1 8  7 2 6  4 9 5
5 4 9  1 8 3  2 7 6
7 2 6  4 5 9  3 1 8

4 6 2  9 1 7  8 5 3
1 8 5  2 3 4  9 6 7
9 3 7  5 6 8  1 2 4

6 5 4  3 9 2  7 8 1
2 7 1  8 4 5  6 3 9
8 9 3  6 7 1  5 4 2
Answer: 252
3 1 8  7 2 6  4 9 5
4 5 9  1 8 3  2 7 6
7 2 6  4 5 9  3 1 8

6 4 2  9 1 7  8 5 3
1 8 5  2 3 4  9 6 7
9 3 7  5 6 8  1 2 4

5 6 4  3 9 2  7 8 1
2 7 1  8 4 5  6 3 9
8 9 3  6 7 1  5 4 2
Answer: 253
3 1 8  7 2 6  4 9 5
4 5 9  1 8 3  2 7 6
7 2 6  4 5 9  3 1 8

6 3 2  9 1 7  8 5 4
1 8 5  2 3 4  9 6 7
9 4 7  5 6 8  1 2 3

5 6 4  3 9 2  7 8 1
2 7 1  8 4 5  6 3 9
8 9 3  6 7 1  5 4 2
Answer: 254
3 1 8  7 2 6  4 9 5
4 5 9  1 8 3  2 7 6
2 7 6  4 5 9  3 1 8

6 4 2  9 1 7  8 5 3
1 8 5  2 3 4  9 6 7
9 3 7  5 6 8  1 2 4

5 6 4  3 9 2  7 8 1
7 9 1  8 4 5  6 3 2
8 2 3  6 7 1  5 4 9
Answer: 255
3 1 8  7 2 6  4 9 5
5 4 9  1 8 3  2 7 6
2 7 6  4 5 9  3 1 8

4 6 2  9 1 7  8 5 3
1 8 5  2 3 4  9 6 7
9 3 7  5 6 8  1 2 4

6 5 4  3 9 2  7 8 1
7 9 1  8 4 5  6 3 2
8 2 3  6 7 1  5 4 9
Answer: 256
3 1 8  7 2 6  4 9 5
4 5 9  1 8 3  2 7 6
2 7 6  4 5 9  3 1 8

6 4 2  9 1 7  8 5 3
1 8 5  2 3 4  9 6 7
9 3 7  5 6 8  1 4 2

5 6 4  3 9 2  7 8 1
7 2 1  8 4 5  6 3 9
8 9 3  6 7 1  5 2 4
Answer: 257
3 1 8  7 2 6  4 9 5
5 4 9  1 8 3  2 7 6
2 7 6  4 5 9  3 1 8

4 6 2  9 1 7  8 5 3
1 8 5  2 3 4  9 6 7
9 3 7  5 6 8  1 4 2

6 5 4  3 9 2  7 8 1
7 2 1  8 4 5  6 3 9
8 9 3  6 7 1  5 2 4
Answer: 258
3 1 8  7 2 6  4 9 5
4 5 9  1 8 3  2 7 6
2 7 6  4 5 9  3 1 8

6 4 2  9 1 7  8 5 3
1 8 5  2 3 4  9 6 7
9 3 7  5 6 8  1 2 4

5 6 4  3 9 2  7 8 1
7 2 1  8 4 5  6 3 9
8 9 3  6 7 1  5 4 2
Answer: 259
3 1 8  7 2 6  4 9 5
5 4 9  1 8 3  2 7 6
2 7 6  4 5 9  3 1 8

4 6 2  9 1 7  8 5 3
1 8 5  2 3 4  9 6 7
9 3 7  5 6 8  1 2 4

6 5 4  3 9 2  7 8 1
7 2 1  8 4 5  6 3 9
8 9 3  6 7 1  5 4 2
Answer: 260
3 1 8  7 2 6  4 9 5
4 5 9  1 8 3  2 7 6
2 7 6  4 5 9  3 1 8

6 3 2  9 1 7  8 5 4
1 8 5  2 3 4  9 6 7
9 4 7  5 6 8  1 2 3

5 6 4  3 9 2  7 8 1
7 9 1  8 4 5  6 3 2
8 2 3  6 7 1  5 4 9
Answer: 261
3 1 8  7 2 6  4 5 9
4 5 9  1 8 3  2 7 6
2 7 6  4 5 9  3 1 8

6 3 2  9 1 7  8 4 5
1 8 5  2 3 4  9 6 7
9 4 7  5 6 8  1 2 3

5 6 4  3 9 2  7 8 1
7 9 1  8 4 5  6 3 2
8 2 3  6 7 1  5 9 4
Answer: 262
3 1 8  7 2 6  4 9 5
4 5 9  1 8 3  2 7 6
2 7 6  4 5 9  3 1 8

6 3 2  9 1 7  8 5 4
1 8 5  2 3 4  9 6 7
9 4 7  5 6 8  1 2 3

5 6 4  3 9 2  7 8 1
7 2 1  8 4 5  6 3 9
8 9 3  6 7 1  5 4 2
Answer: 263
5 3 8  7 2 6  4 1 9
4 7 9  1 8 3  2 5 6
2 1 6  4 5 9  3 7 8

3 6 2  9 1 7  8 4 5
1 8 5  2 3 4  9 6 7
9 4 7  5 6 8  1 2 3

6 5 4  3 9 2  7 8 1
7 9 1  8 4 5  6 3 2
8 2 3  6 7 1  5 9 4
Answer: 264
3 5 8  7 2 6  4 1 9
4 7 9  1 8 3  2 5 6
2 1 6  4 5 9  3 7 8

6 3 2  9 1 7  8 4 5
1 8 5  2 3 4  9 6 7
9 4 7  5 6 8  1 2 3

5 6 4  3 9 2  7 8 1
7 9 1  8 4 5  6 3 2
8 2 3  6 7 1  5 9 4
Answer: 265
5 3 8  7 2 6  4 1 9
7 4 9  1 8 3  2 5 6
2 1 6  4 5 9  3 7 8

3 6 2  9 1 7  8 4 5
1 8 5  2 3 4  9 6 7
4 9 7  5 6 8  1 2 3

6 5 4  3 9 2  7 8 1
9 7 1  8 4 5  6 3 2
8 2 3  6 7 1  5 9 4
Answer: 266
3 5 8  7 2 6  4 1 9
7 4 9  1 8 3  2 5 6
2 1 6  4 5 9  3 7 8

6 3 2  9 1 7  8 4 5
1 8 5  2 3 4  9 6 7
4 9 7  5 6 8  1 2 3

5 6 4  3 9 2  7 8 1
9 7 1  8 4 5  6 3 2
8 2 3  6 7 1  5 9 4
Answer: 267
3 1 8  7 2 6  4 9 5
5 4 9  1 8 3  2 7 6
7 2 6  4 5 9  3 8 1

4 6 2  9 1 7  8 5 3
1 8 5  2 3 4  9 6 7
9 3 7  5 6 8  1 4 2

6 5 4  3 9 2  7 1 8
2 7 1  8 4 5  6 3 9
8 9 3  6 7 1  5 2 4
Answer: 268
3 1 8  7 2 6  4 9 5
5 4 9  1 8 3  2 7 6
7 2 6  4 5 9  3 8 1

4 6 2  9 1 7  8 5 3
1 8 5  2 3 4  9 6 7
9 3 7  5 6 8  1 2 4

6 5 4  3 9 2  7 1 8
2 7 1  8 4 5  6 3 9
8 9 3  6 7 1  5 4 2
Answer: 269
3 1 8  7 2 6  4 9 5
4 5 9  1 8 3  2 7 6
7 2 6  4 5 9  3 8 1

6 4 2  9 1 7  8 5 3
1 8 5  2 3 4  9 6 7
9 3 7  5 6 8  1 4 2

5 6 4  3 9 2  7 1 8
2 7 1  8 4 5  6 3 9
8 9 3  6 7 1  5 2 4
Answer: 270
3 1 8  7 2 6  4 9 5
4 5 9  1 8 3  2 7 6
7 2 6  4 5 9  3 8 1

6 4 2  9 1 7  8 5 3
1 8 5  2 3 4  9 6 7
9 3 7  5 6 8  1 2 4

5 6 4  3 9 2  7 1 8
2 7 1  8 4 5  6 3 9
8 9 3  6 7 1  5 4 2
Answer: 271
3 1 8  7 2 6  4 9 5
4 5 9  1 8 3  2 7 6
7 2 6  4 5 9  3 8 1

6 3 2  9 1 7  8 5 4
1 8 5  2 3 4  9 6 7
9 4 7  5 6 8  1 2 3

5 6 4  3 9 2  7 1 8
2 7 1  8 4 5  6 3 9
8 9 3  6 7 1  5 4 2
Answer: 272
3 1 8  7 2 6  4 9 5
4 5 9  1 8 3  2 7 6
2 7 6  4 5 9  3 8 1

6 4 2  9 1 7  8 5 3
1 8 5  2 3 4  9 6 7
9 3 7  5 6 8  1 2 4

5 6 4  3 9 2  7 1 8
7 9 1  8 4 5  6 3 2
8 2 3  6 7 1  5 4 9
Answer: 273
3 1 8  7 2 6  4 9 5
5 4 9  1 8 3  2 7 6
2 7 6  4 5 9  3 8 1

4 6 2  9 1 7  8 5 3
1 8 5  2 3 4  9 6 7
9 3 7  5 6 8  1 2 4

6 5 4  3 9 2  7 1 8
7 9 1  8 4 5  6 3 2
8 2 3  6 7 1  5 4 9
Answer: 274
3 1 8  7 2 6  4 9 5
5 4 9  1 8 3  2 7 6
2 7 6  4 5 9  3 8 1

4 6 2  9 1 7  8 5 3
1 8 5  2 3 4  9 6 7
9 3 7  5 6 8  1 2 4

6 5 4  3 9 2  7 1 8
7 2 1  8 4 5  6 3 9
8 9 3  6 7 1  5 4 2
Answer: 275
3 1 8  7 2 6  4 9 5
4 5 9  1 8 3  2 7 6
2 7 6  4 5 9  3 8 1

6 4 2  9 1 7  8 5 3
1 8 5  2 3 4  9 6 7
9 3 7  5 6 8  1 2 4

5 6 4  3 9 2  7 1 8
7 2 1  8 4 5  6 3 9
8 9 3  6 7 1  5 4 2
Answer: 276
3 1 8  7 2 6  4 9 5
5 4 9  1 8 3  2 7 6
2 7 6  4 5 9  3 8 1

4 6 2  9 1 7  8 5 3
1 8 5  2 3 4  9 6 7
9 3 7  5 6 8  1 4 2

6 5 4  3 9 2  7 1 8
7 2 1  8 4 5  6 3 9
8 9 3  6 7 1  5 2 4
Answer: 277
3 1 8  7 2 6  4 9 5
4 5 9  1 8 3  2 7 6
2 7 6  4 5 9  3 8 1

6 4 2  9 1 7  8 5 3
1 8 5  2 3 4  9 6 7
9 3 7  5 6 8  1 4 2

5 6 4  3 9 2  7 1 8
7 2 1  8 4 5  6 3 9
8 9 3  6 7 1  5 2 4
Answer: 278
3 1 8  7 2 6  4 5 9
4 5 9  1 8 3  2 7 6
2 7 6  4 5 9  3 8 1

6 3 2  9 1 7  8 4 5
1 8 5  2 3 4  9 6 7
9 4 7  5 6 8  1 2 3

5 6 4  3 9 2  7 1 8
7 9 1  8 4 5  6 3 2
8 2 3  6 7 1  5 9 4
Answer: 279
3 1 8  7 2 6  4 9 5
4 5 9  1 8 3  2 7 6
2 7 6  4 5 9  3 8 1

6 3 2  9 1 7  8 5 4
1 8 5  2 3 4  9 6 7
9 4 7  5 6 8  1 2 3

5 6 4  3 9 2  7 1 8
7 9 1  8 4 5  6 3 2
8 2 3  6 7 1  5 4 9
Answer: 280
3 1 8  7 2 6  4 9 5
4 5 9  1 8 3  2 7 6
2 7 6  4 5 9  3 8 1

6 3 2  9 1 7  8 5 4
1 8 5  2 3 4  9 6 7
9 4 7  5 6 8  1 2 3

5 6 4  3 9 2  7 1 8
7 2 1  8 4 5  6 3 9
8 9 3  6 7 1  5 4 2
Answer: 281
5 3 8  7 2 6  4 1 9
4 7 9  1 8 3  2 5 6
1 2 6  4 5 9  3 7 8

3 6 2  9 1 7  8 4 5
8 1 5  2 3 4  9 6 7
9 4 7  5 6 8  1 3 2

7 5 4  3 9 2  6 8 1
6 9 1  8 4 5  7 2 3
2 8 3  6 7 1  5 9 4
Answer: 282
5 3 8  7 2 6  4 1 9
4 7 9  1 8 3  2 5 6
1 2 6  4 5 9  3 7 8

3 6 2  9 1 7  8 4 5
8 1 5  2 3 4  9 6 7
9 4 7  5 6 8  1 2 3

7 5 4  3 9 2  6 8 1
6 9 1  8 4 5  7 3 2
2 8 3  6 7 1  5 9 4
Answer: 283
5 3 8  7 2 6  4 9 1
4 7 9  1 8 3  2 6 5
1 2 6  4 5 9  3 8 7

3 6 2  9 1 7  8 5 4
8 1 5  2 3 4  9 7 6
9 4 7  5 6 8  1 3 2

7 5 4  3 9 2  6 1 8
6 9 1  8 4 5  7 2 3
2 8 3  6 7 1  5 4 9
Answer: 284
5 3 8  7 2 6  4 9 1
4 7 9  1 8 3  2 6 5
1 2 6  4 5 9  3 8 7

3 6 2  9 1 7  8 5 4
8 1 5  2 3 4  9 7 6
9 4 7  5 6 8  1 2 3

7 5 4  3 9 2  6 1 8
6 9 1  8 4 5  7 3 2
2 8 3  6 7 1  5 4 9
Answer: 285
5 3 8  7 2 6  4 1 9
4 7 9  1 8 3  2 5 6
1 2 6  4 5 9  3 7 8

6 4 2  9 1 7  8 3 5
8 1 5  2 3 4  9 6 7
3 9 7  5 6 8  1 4 2

7 5 4  3 9 2  6 8 1
2 6 1  8 4 5  7 9 3
9 8 3  6 7 1  5 2 4
Answer: 286
5 3 8  7 2 6  4 1 9
4 7 9  1 8 3  2 5 6
1 2 6  4 5 9  3 7 8

6 4 2  9 1 7  8 3 5
8 1 5  2 3 4  9 6 7
3 9 7  5 6 8  1 2 4

7 5 4  3 9 2  6 8 1
2 6 1  8 4 5  7 9 3
9 8 3  6 7 1  5 4 2
Answer: 287
5 3 8  7 2 6  4 9 1
4 7 9  1 8 3  2 6 5
1 2 6  4 5 9  3 8 7

6 4 2  9 1 7  8 5 3
8 1 5  2 3 4  9 7 6
3 9 7  5 6 8  1 2 4

7 5 4  3 9 2  6 1 8
2 6 1  8 4 5  7 3 9
9 8 3  6 7 1  5 4 2
Answer: 288
5 3 8  7 2 6  4 9 1
4 7 9  1 8 3  2 6 5
1 2 6  4 5 9  3 8 7

6 4 2  9 1 7  8 5 3
8 1 5  2 3 4  9 7 6
3 9 7  5 6 8  1 4 2

7 5 4  3 9 2  6 1 8
2 6 1  8 4 5  7 3 9
9 8 3  6 7 1  5 2 4
Answer: 289
3 5 8  7 2 6  4 1 9
7 4 9  1 8 3  2 5 6
1 2 6  4 5 9  3 7 8

4 6 2  9 1 7  8 3 5
8 1 5  2 3 4  9 6 7
9 3 7  5 6 8  1 4 2

5 7 4  3 9 2  6 8 1
6 9 1  8 4 5  7 2 3
2 8 3  6 7 1  5 9 4
Answer: 290
3 5 8  7 2 6  4 9 1
7 4 9  1 8 3  2 6 5
1 2 6  4 5 9  3 8 7

4 6 2  9 1 7  8 5 3
8 1 5  2 3 4  9 7 6
9 3 7  5 6 8  1 2 4

5 7 4  3 9 2  6 1 8
6 9 1  8 4 5  7 3 2
2 8 3  6 7 1  5 4 9
Answer: 291
1 3 8  7 2 6  4 9 5
4 5 9  1 8 3  2 6 7
7 2 6  4 5 9  3 1 8

3 6 2  9 1 7  8 5 4
8 1 5  2 3 4  9 7 6
9 4 7  5 6 8  1 3 2

5 7 4  3 9 2  6 8 1
6 9 1  8 4 5  7 2 3
2 8 3  6 7 1  5 4 9
Answer: 292
1 3 8  7 2 6  4 5 9
4 5 9  1 8 3  2 6 7
7 2 6  4 5 9  3 1 8

3 6 2  9 1 7  8 4 5
8 1 5  2 3 4  9 7 6
9 4 7  5 6 8  1 3 2

5 7 4  3 9 2  6 8 1
6 9 1  8 4 5  7 2 3
2 8 3  6 7 1  5 9 4
Answer: 293
1 3 8  7 2 6  4 5 9
4 5 9  1 8 3  2 7 6
7 2 6  4 5 9  3 1 8

3 6 2  9 1 7  8 4 5
8 1 5  2 3 4  9 6 7
9 4 7  5 6 8  1 3 2

5 7 4  3 9 2  6 8 1
6 9 1  8 4 5  7 2 3
2 8 3  6 7 1  5 9 4
Answer: 294
1 3 8  7 2 6  4 9 5
4 5 9  1 8 3  2 7 6
7 2 6  4 5 9  3 1 8

3 6 2  9 1 7  8 5 4
8 1 5  2 3 4  9 6 7
9 4 7  5 6 8  1 3 2

5 7 4  3 9 2  6 8 1
6 9 1  8 4 5  7 2 3
2 8 3  6 7 1  5 4 9
Answer: 295
1 3 8  7 2 6  4 9 5
4 5 9  1 8 3  2 6 7
7 2 6  4 5 9  3 1 8

3 6 2  9 1 7  8 5 4
8 1 5  2 3 4  9 7 6
9 4 7  5 6 8  1 2 3

5 7 4  3 9 2  6 8 1
6 9 1  8 4 5  7 3 2
2 8 3  6 7 1  5 4 9
Answer: 296
1 3 8  7 2 6  4 5 9
4 5 9  1 8 3  2 6 7
7 2 6  4 5 9  3 1 8

3 6 2  9 1 7  8 4 5
8 1 5  2 3 4  9 7 6
9 4 7  5 6 8  1 2 3

5 7 4  3 9 2  6 8 1
6 9 1  8 4 5  7 3 2
2 8 3  6 7 1  5 9 4
Answer: 297
1 3 8  7 2 6  4 5 9
4 5 9  1 8 3  2 7 6
7 2 6  4 5 9  3 1 8

3 6 2  9 1 7  8 4 5
8 1 5  2 3 4  9 6 7
9 4 7  5 6 8  1 2 3

5 7 4  3 9 2  6 8 1
6 9 1  8 4 5  7 3 2
2 8 3  6 7 1  5 9 4
Answer: 298
1 3 8  7 2 6  4 9 5
4 5 9  1 8 3  2 7 6
7 2 6  4 5 9  3 1 8

3 6 2  9 1 7  8 5 4
8 1 5  2 3 4  9 6 7
9 4 7  5 6 8  1 2 3

5 7 4  3 9 2  6 8 1
6 9 1  8 4 5  7 3 2
2 8 3  6 7 1  5 4 9
Answer: 299
1 3 8  7 2 6  4 9 5
4 5 9  1 8 3  2 6 7
7 2 6  4 5 9  3 8 1

3 6 2  9 1 7  8 5 4
8 1 5  2 3 4  9 7 6
9 4 7  5 6 8  1 3 2

5 7 4  3 9 2  6 1 8
6 9 1  8 4 5  7 2 3
2 8 3  6 7 1  5 4 9
Answer: 300
1 3 8  7 2 6  4 5 9
4 5 9  1 8 3  2 6 7
7 2 6  4 5 9  3 8 1

3 6 2  9 1 7  8 4 5
8 1 5  2 3 4  9 7 6
9 4 7  5 6 8  1 3 2

5 7 4  3 9 2  6 1 8
6 9 1  8 4 5  7 2 3
2 8 3  6 7 1  5 9 4
Answer: 301
1 3 8  7 2 6  4 5 9
4 5 9  1 8 3  2 7 6
7 2 6  4 5 9  3 8 1

3 6 2  9 1 7  8 4 5
8 1 5  2 3 4  9 6 7
9 4 7  5 6 8  1 3 2

5 7 4  3 9 2  6 1 8
6 9 1  8 4 5  7 2 3
2 8 3  6 7 1  5 9 4
Answer: 302
1 3 8  7 2 6  4 9 5
4 5 9  1 8 3  2 7 6
7 2 6  4 5 9  3 8 1

3 6 2  9 1 7  8 5 4
8 1 5  2 3 4  9 6 7
9 4 7  5 6 8  1 3 2

5 7 4  3 9 2  6 1 8
6 9 1  8 4 5  7 2 3
2 8 3  6 7 1  5 4 9
Answer: 303
1 3 8  7 2 6  4 5 9
4 5 9  1 8 3  2 6 7
7 2 6  4 5 9  3 8 1

3 6 2  9 1 7  8 4 5
8 1 5  2 3 4  9 7 6
9 4 7  5 6 8  1 2 3

5 7 4  3 9 2  6 1 8
6 9 1  8 4 5  7 3 2
2 8 3  6 7 1  5 9 4
Answer: 304
1 3 8  7 2 6  4 9 5
4 5 9  1 8 3  2 6 7
7 2 6  4 5 9  3 8 1

3 6 2  9 1 7  8 5 4
8 1 5  2 3 4  9 7 6
9 4 7  5 6 8  1 2 3

5 7 4  3 9 2  6 1 8
6 9 1  8 4 5  7 3 2
2 8 3  6 7 1  5 4 9
Answer: 305
1 3 8  7 2 6  4 9 5
4 5 9  1 8 3  2 7 6
7 2 6  4 5 9  3 8 1

3 6 2  9 1 7  8 5 4
8 1 5  2 3 4  9 6 7
9 4 7  5 6 8  1 2 3

5 7 4  3 9 2  6 1 8
6 9 1  8 4 5  7 3 2
2 8 3  6 7 1  5 4 9
Answer: 306
1 3 8  7 2 6  4 5 9
4 5 9  1 8 3  2 7 6
7 2 6  4 5 9  3 8 1

3 6 2  9 1 7  8 4 5
8 1 5  2 3 4  9 6 7
9 4 7  5 6 8  1 2 3

5 7 4  3 9 2  6 1 8
6 9 1  8 4 5  7 3 2
2 8 3  6 7 1  5 9 4
Answer: 307
3 5 8  7 2 6  4 1 9
7 4 9  1 8 3  2 5 6
1 2 6  4 5 9  3 7 8

6 3 2  9 1 7  8 4 5
8 1 5  2 3 4  9 6 7
4 9 7  5 6 8  1 3 2

5 7 4  3 9 2  6 8 1
2 6 1  8 4 5  7 9 3
9 8 3  6 7 1  5 2 4
Answer: 308
3 5 8  7 2 6  4 9 1
7 4 9  1 8 3  2 6 5
1 2 6  4 5 9  3 8 7

6 3 2  9 1 7  8 5 4
8 1 5  2 3 4  9 7 6
4 9 7  5 6 8  1 2 3

5 7 4  3 9 2  6 1 8
2 6 1  8 4 5  7 3 9
9 8 3  6 7 1  5 4 2
Answer: 309
1 3 8  7 2 6  4 5 9
4 5 9  1 8 3  2 7 6
7 2 6  4 5 9  3 1 8

6 4 2  9 1 7  8 3 5
8 1 5  2 3 4  9 6 7
3 9 7  5 6 8  1 4 2

5 7 4  3 9 2  6 8 1
2 6 1  8 4 5  7 9 3
9 8 3  6 7 1  5 2 4
Answer: 310
1 3 8  7 2 6  4 5 9
4 5 9  1 8 3  2 7 6
7 2 6  4 5 9  3 1 8

6 4 2  9 1 7  8 3 5
8 1 5  2 3 4  9 6 7
3 9 7  5 6 8  1 2 4

5 7 4  3 9 2  6 8 1
2 6 1  8 4 5  7 9 3
9 8 3  6 7 1  5 4 2
Answer: 311
1 3 8  7 2 6  4 5 9
4 5 9  1 8 3  2 6 7
7 2 6  4 5 9  3 1 8

6 4 2  9 1 7  8 3 5
8 1 5  2 3 4  9 7 6
3 9 7  5 6 8  1 4 2

5 7 4  3 9 2  6 8 1
2 6 1  8 4 5  7 9 3
9 8 3  6 7 1  5 2 4
Answer: 312
1 3 8  7 2 6  4 5 9
4 5 9  1 8 3  2 6 7
7 2 6  4 5 9  3 1 8

6 4 2  9 1 7  8 3 5
8 1 5  2 3 4  9 7 6
3 9 7  5 6 8  1 2 4

5 7 4  3 9 2  6 8 1
2 6 1  8 4 5  7 9 3
9 8 3  6 7 1  5 4 2
Answer: 313
1 3 8  7 2 6  4 9 5
4 5 9  1 8 3  2 7 6
7 2 6  4 5 9  3 1 8

6 4 2  9 1 7  8 5 3
8 1 5  2 3 4  9 6 7
3 9 7  5 6 8  1 2 4

5 7 4  3 9 2  6 8 1
2 6 1  8 4 5  7 3 9
9 8 3  6 7 1  5 4 2
Answer: 314
1 3 8  7 2 6  4 9 5
4 5 9  1 8 3  2 7 6
7 2 6  4 5 9  3 1 8

6 4 2  9 1 7  8 5 3
8 1 5  2 3 4  9 6 7
3 9 7  5 6 8  1 4 2

5 7 4  3 9 2  6 8 1
2 6 1  8 4 5  7 3 9
9 8 3  6 7 1  5 2 4
Answer: 315
1 3 8  7 2 6  4 9 5
4 5 9  1 8 3  2 6 7
7 2 6  4 5 9  3 1 8

6 4 2  9 1 7  8 5 3
8 1 5  2 3 4  9 7 6
3 9 7  5 6 8  1 2 4

5 7 4  3 9 2  6 8 1
2 6 1  8 4 5  7 3 9
9 8 3  6 7 1  5 4 2
Answer: 316
1 3 8  7 2 6  4 9 5
4 5 9  1 8 3  2 6 7
7 2 6  4 5 9  3 1 8

6 4 2  9 1 7  8 5 3
8 1 5  2 3 4  9 7 6
3 9 7  5 6 8  1 4 2

5 7 4  3 9 2  6 8 1
2 6 1  8 4 5  7 3 9
9 8 3  6 7 1  5 2 4
Answer: 317
3 1 8  7 2 6  4 5 9
4 5 9  1 8 3  2 7 6
7 2 6  4 5 9  3 1 8

6 4 2  9 1 7  8 3 5
1 8 5  2 3 4  9 6 7
9 3 7  5 6 8  1 2 4

5 7 4  3 9 2  6 8 1
2 6 1  8 4 5  7 9 3
8 9 3  6 7 1  5 4 2
Answer: 318
3 1 8  7 2 6  4 5 9
4 5 9  1 8 3  2 7 6
7 2 6  4 5 9  3 1 8

6 3 2  9 1 7  8 4 5
1 8 5  2 3 4  9 6 7
9 4 7  5 6 8  1 3 2

5 7 4  3 9 2  6 8 1
2 6 1  8 4 5  7 9 3
8 9 3  6 7 1  5 2 4
Answer: 319
3 1 8  7 2 6  4 5 9
4 5 9  1 8 3  2 7 6
7 2 6  4 5 9  3 1 8

6 4 2  9 1 7  8 3 5
1 8 5  2 3 4  9 6 7
9 3 7  5 6 8  1 4 2

5 7 4  3 9 2  6 8 1
2 6 1  8 4 5  7 9 3
8 9 3  6 7 1  5 2 4
Answer: 320
3 1 8  7 2 6  4 5 9
4 5 9  1 8 3  2 6 7
7 2 6  4 5 9  3 1 8

6 3 2  9 1 7  8 4 5
1 8 5  2 3 4  9 7 6
9 4 7  5 6 8  1 3 2

5 7 4  3 9 2  6 8 1
2 6 1  8 4 5  7 9 3
8 9 3  6 7 1  5 2 4
Answer: 321
3 1 8  7 2 6  4 5 9
4 5 9  1 8 3  2 6 7
7 2 6  4 5 9  3 1 8

6 4 2  9 1 7  8 3 5
1 8 5  2 3 4  9 7 6
9 3 7  5 6 8  1 4 2

5 7 4  3 9 2  6 8 1
2 6 1  8 4 5  7 9 3
8 9 3  6 7 1  5 2 4
Answer: 322
3 1 8  7 2 6  4 5 9
4 5 9  1 8 3  2 6 7
7 2 6  4 5 9  3 1 8

6 4 2  9 1 7  8 3 5
1 8 5  2 3 4  9 7 6
9 3 7  5 6 8  1 2 4

5 7 4  3 9 2  6 8 1
2 6 1  8 4 5  7 9 3
8 9 3  6 7 1  5 4 2
Answer: 323
3 1 8  7 2 6  4 9 5
4 5 9  1 8 3  2 7 6
7 2 6  4 5 9  3 1 8

6 4 2  9 1 7  8 5 3
1 8 5  2 3 4  9 6 7
9 3 7  5 6 8  1 4 2

5 7 4  3 9 2  6 8 1
2 6 1  8 4 5  7 3 9
8 9 3  6 7 1  5 2 4
Answer: 324
3 1 8  7 2 6  4 9 5
4 5 9  1 8 3  2 7 6
7 2 6  4 5 9  3 1 8

6 4 2  9 1 7  8 5 3
1 8 5  2 3 4  9 6 7
9 3 7  5 6 8  1 2 4

5 7 4  3 9 2  6 8 1
2 6 1  8 4 5  7 3 9
8 9 3  6 7 1  5 4 2
Answer: 325
3 1 8  7 2 6  4 9 5
4 5 9  1 8 3  2 6 7
7 2 6  4 5 9  3 1 8

6 4 2  9 1 7  8 5 3
1 8 5  2 3 4  9 7 6
9 3 7  5 6 8  1 2 4

5 7 4  3 9 2  6 8 1
2 6 1  8 4 5  7 3 9
8 9 3  6 7 1  5 4 2
Answer: 326
3 1 8  7 2 6  4 9 5
4 5 9  1 8 3  2 6 7
7 2 6  4 5 9  3 1 8

6 4 2  9 1 7  8 5 3
1 8 5  2 3 4  9 7 6
9 3 7  5 6 8  1 4 2

5 7 4  3 9 2  6 8 1
2 6 1  8 4 5  7 3 9
8 9 3  6 7 1  5 2 4
Answer: 327
3 1 8  7 2 6  4 9 5
4 5 9  1 8 3  2 7 6
7 2 6  4 5 9  3 1 8

6 3 2  9 1 7  8 5 4
1 8 5  2 3 4  9 6 7
9 4 7  5 6 8  1 2 3

5 7 4  3 9 2  6 8 1
2 6 1  8 4 5  7 3 9
8 9 3  6 7 1  5 4 2
Answer: 328
3 1 8  7 2 6  4 9 5
4 5 9  1 8 3  2 6 7
7 2 6  4 5 9  3 1 8

6 3 2  9 1 7  8 5 4
1 8 5  2 3 4  9 7 6
9 4 7  5 6 8  1 2 3

5 7 4  3 9 2  6 8 1
2 6 1  8 4 5  7 3 9
8 9 3  6 7 1  5 4 2
Answer: 329
1 3 8  7 2 6  4 5 9
4 5 9  1 8 3  2 7 6
7 2 6  4 5 9  3 8 1

6 4 2  9 1 7  8 3 5
8 1 5  2 3 4  9 6 7
3 9 7  5 6 8  1 2 4

5 7 4  3 9 2  6 1 8
2 6 1  8 4 5  7 9 3
9 8 3  6 7 1  5 4 2
Answer: 330
1 3 8  7 2 6  4 5 9
4 5 9  1 8 3  2 7 6
7 2 6  4 5 9  3 8 1

6 4 2  9 1 7  8 3 5
8 1 5  2 3 4  9 6 7
3 9 7  5 6 8  1 4 2

5 7 4  3 9 2  6 1 8
2 6 1  8 4 5  7 9 3
9 8 3  6 7 1  5 2 4
Answer: 331
1 3 8  7 2 6  4 5 9
4 5 9  1 8 3  2 6 7
7 2 6  4 5 9  3 8 1

6 4 2  9 1 7  8 3 5
8 1 5  2 3 4  9 7 6
3 9 7  5 6 8  1 4 2

5 7 4  3 9 2  6 1 8
2 6 1  8 4 5  7 9 3
9 8 3  6 7 1  5 2 4
Answer: 332
1 3 8  7 2 6  4 5 9
4 5 9  1 8 3  2 6 7
7 2 6  4 5 9  3 8 1

6 4 2  9 1 7  8 3 5
8 1 5  2 3 4  9 7 6
3 9 7  5 6 8  1 2 4

5 7 4  3 9 2  6 1 8
2 6 1  8 4 5  7 9 3
9 8 3  6 7 1  5 4 2
Answer: 333
1 3 8  7 2 6  4 9 5
4 5 9  1 8 3  2 7 6
7 2 6  4 5 9  3 8 1

6 4 2  9 1 7  8 5 3
8 1 5  2 3 4  9 6 7
3 9 7  5 6 8  1 4 2

5 7 4  3 9 2  6 1 8
2 6 1  8 4 5  7 3 9
9 8 3  6 7 1  5 2 4
Answer: 334
1 3 8  7 2 6  4 9 5
4 5 9  1 8 3  2 7 6
7 2 6  4 5 9  3 8 1

6 4 2  9 1 7  8 5 3
8 1 5  2 3 4  9 6 7
3 9 7  5 6 8  1 2 4

5 7 4  3 9 2  6 1 8
2 6 1  8 4 5  7 3 9
9 8 3  6 7 1  5 4 2
Answer: 335
1 3 8  7 2 6  4 9 5
4 5 9  1 8 3  2 6 7
7 2 6  4 5 9  3 8 1

6 4 2  9 1 7  8 5 3
8 1 5  2 3 4  9 7 6
3 9 7  5 6 8  1 4 2

5 7 4  3 9 2  6 1 8
2 6 1  8 4 5  7 3 9
9 8 3  6 7 1  5 2 4
Answer: 336
1 3 8  7 2 6  4 9 5
4 5 9  1 8 3  2 6 7
7 2 6  4 5 9  3 8 1

6 4 2  9 1 7  8 5 3
8 1 5  2 3 4  9 7 6
3 9 7  5 6 8  1 2 4

5 7 4  3 9 2  6 1 8
2 6 1  8 4 5  7 3 9
9 8 3  6 7 1  5 4 2
Answer: 337
3 1 8  7 2 6  4 5 9
4 5 9  1 8 3  2 7 6
7 2 6  4 5 9  3 8 1

6 4 2  9 1 7  8 3 5
1 8 5  2 3 4  9 6 7
9 3 7  5 6 8  1 4 2

5 7 4  3 9 2  6 1 8
2 6 1  8 4 5  7 9 3
8 9 3  6 7 1  5 2 4
Answer: 338
3 1 8  7 2 6  4 5 9
4 5 9  1 8 3  2 7 6
7 2 6  4 5 9  3 8 1

6 3 2  9 1 7  8 4 5
1 8 5  2 3 4  9 6 7
9 4 7  5 6 8  1 3 2

5 7 4  3 9 2  6 1 8
2 6 1  8 4 5  7 9 3
8 9 3  6 7 1  5 2 4
Answer: 339
3 1 8  7 2 6  4 5 9
4 5 9  1 8 3  2 7 6
7 2 6  4 5 9  3 8 1

6 4 2  9 1 7  8 3 5
1 8 5  2 3 4  9 6 7
9 3 7  5 6 8  1 2 4

5 7 4  3 9 2  6 1 8
2 6 1  8 4 5  7 9 3
8 9 3  6 7 1  5 4 2
Answer: 340
3 1 8  7 2 6  4 5 9
4 5 9  1 8 3  2 6 7
7 2 6  4 5 9  3 8 1

6 4 2  9 1 7  8 3 5
1 8 5  2 3 4  9 7 6
9 3 7  5 6 8  1 2 4

5 7 4  3 9 2  6 1 8
2 6 1  8 4 5  7 9 3
8 9 3  6 7 1  5 4 2
Answer: 341
3 1 8  7 2 6  4 5 9
4 5 9  1 8 3  2 6 7
7 2 6  4 5 9  3 8 1

6 3 2  9 1 7  8 4 5
1 8 5  2 3 4  9 7 6
9 4 7  5 6 8  1 3 2

5 7 4  3 9 2  6 1 8
2 6 1  8 4 5  7 9 3
8 9 3  6 7 1  5 2 4
Answer: 342
3 1 8  7 2 6  4 5 9
4 5 9  1 8 3  2 6 7
7 2 6  4 5 9  3 8 1

6 4 2  9 1 7  8 3 5
1 8 5  2 3 4  9 7 6
9 3 7  5 6 8  1 4 2

5 7 4  3 9 2  6 1 8
2 6 1  8 4 5  7 9 3
8 9 3  6 7 1  5 2 4
Answer: 343
3 1 8  7 2 6  4 9 5
4 5 9  1 8 3  2 7 6
7 2 6  4 5 9  3 8 1

6 4 2  9 1 7  8 5 3
1 8 5  2 3 4  9 6 7
9 3 7  5 6 8  1 4 2

5 7 4  3 9 2  6 1 8
2 6 1  8 4 5  7 3 9
8 9 3  6 7 1  5 2 4
Answer: 344
3 1 8  7 2 6  4 9 5
4 5 9  1 8 3  2 7 6
7 2 6  4 5 9  3 8 1

6 4 2  9 1 7  8 5 3
1 8 5  2 3 4  9 6 7
9 3 7  5 6 8  1 2 4

5 7 4  3 9 2  6 1 8
2 6 1  8 4 5  7 3 9
8 9 3  6 7 1  5 4 2
Answer: 345
3 1 8  7 2 6  4 9 5
4 5 9  1 8 3  2 6 7
7 2 6  4 5 9  3 8 1

6 4 2  9 1 7  8 5 3
1 8 5  2 3 4  9 7 6
9 3 7  5 6 8  1 2 4

5 7 4  3 9 2  6 1 8
2 6 1  8 4 5  7 3 9
8 9 3  6 7 1  5 4 2
Answer: 346
3 1 8  7 2 6  4 9 5
4 5 9  1 8 3  2 6 7
7 2 6  4 5 9  3 8 1

6 4 2  9 1 7  8 5 3
1 8 5  2 3 4  9 7 6
9 3 7  5 6 8  1 4 2

5 7 4  3 9 2  6 1 8
2 6 1  8 4 5  7 3 9
8 9 3  6 7 1  5 2 4
Answer: 347
3 1 8  7 2 6  4 9 5
4 5 9  1 8 3  2 7 6
7 2 6  4 5 9  3 8 1

6 3 2  9 1 7  8 5 4
1 8 5  2 3 4  9 6 7
9 4 7  5 6 8  1 2 3

5 7 4  3 9 2  6 1 8
2 6 1  8 4 5  7 3 9
8 9 3  6 7 1  5 4 2
Answer: 348
3 1 8  7 2 6  4 9 5
4 5 9  1 8 3  2 6 7
7 2 6  4 5 9  3 8 1

6 3 2  9 1 7  8 5 4
1 8 5  2 3 4  9 7 6
9 4 7  5 6 8  1 2 3

5 7 4  3 9 2  6 1 8
2 6 1  8 4 5  7 3 9
8 9 3  6 7 1  5 4 2
Answer: 349
1 3 8  7 2 6  4 5 9
5 4 9  1 8 3  2 6 7
2 7 6  4 5 9  3 1 8

3 6 2  9 1 7  8 4 5
8 1 5  2 3 4  9 7 6
4 9 7  5 6 8  1 3 2

7 5 4  3 9 2  6 8 1
6 2 1  8 4 5  7 9 3
9 8 3  6 7 1  5 2 4
Answer: 350
1 3 8  7 2 6  4 5 9
5 4 9  1 8 3  2 7 6
2 7 6  4 5 9  3 1 8

3 6 2  9 1 7  8 4 5
8 1 5  2 3 4  9 6 7
4 9 7  5 6 8  1 3 2

7 5 4  3 9 2  6 8 1
6 2 1  8 4 5  7 9 3
9 8 3  6 7 1  5 2 4
Answer: 351
1 3 8  7 2 6  4 5 9
5 4 9  1 8 3  2 6 7
2 7 6  4 5 9  3 1 8

4 6 2  9 1 7  8 3 5
8 1 5  2 3 4  9 7 6
3 9 7  5 6 8  1 4 2

7 5 4  3 9 2  6 8 1
6 2 1  8 4 5  7 9 3
9 8 3  6 7 1  5 2 4
Answer: 352
1 3 8  7 2 6  4 5 9
5 4 9  1 8 3  2 6 7
2 7 6  4 5 9  3 1 8

4 6 2  9 1 7  8 3 5
8 1 5  2 3 4  9 7 6
3 9 7  5 6 8  1 2 4

7 5 4  3 9 2  6 8 1
6 2 1  8 4 5  7 9 3
9 8 3  6 7 1  5 4 2
Answer: 353
1 3 8  7 2 6  4 5 9
5 4 9  1 8 3  2 7 6
2 7 6  4 5 9  3 1 8

4 6 2  9 1 7  8 3 5
8 1 5  2 3 4  9 6 7
3 9 7  5 6 8  1 4 2

7 5 4  3 9 2  6 8 1
6 2 1  8 4 5  7 9 3
9 8 3  6 7 1  5 2 4
Answer: 354
1 3 8  7 2 6  4 5 9
5 4 9  1 8 3  2 7 6
2 7 6  4 5 9  3 1 8

4 6 2  9 1 7  8 3 5
8 1 5  2 3 4  9 6 7
3 9 7  5 6 8  1 2 4

7 5 4  3 9 2  6 8 1
6 2 1  8 4 5  7 9 3
9 8 3  6 7 1  5 4 2
Answer: 355
1 3 8  7 2 6  4 9 5
5 4 9  1 8 3  2 6 7
2 7 6  4 5 9  3 1 8

4 6 2  9 1 7  8 5 3
8 1 5  2 3 4  9 7 6
3 9 7  5 6 8  1 4 2

7 5 4  3 9 2  6 8 1
6 2 1  8 4 5  7 3 9
9 8 3  6 7 1  5 2 4
Answer: 356
1 3 8  7 2 6  4 9 5
5 4 9  1 8 3  2 6 7
2 7 6  4 5 9  3 1 8

4 6 2  9 1 7  8 5 3
8 1 5  2 3 4  9 7 6
3 9 7  5 6 8  1 2 4

7 5 4  3 9 2  6 8 1
6 2 1  8 4 5  7 3 9
9 8 3  6 7 1  5 4 2
Answer: 357
1 3 8  7 2 6  4 9 5
5 4 9  1 8 3  2 7 6
2 7 6  4 5 9  3 1 8

4 6 2  9 1 7  8 5 3
8 1 5  2 3 4  9 6 7
3 9 7  5 6 8  1 4 2

7 5 4  3 9 2  6 8 1
6 2 1  8 4 5  7 3 9
9 8 3  6 7 1  5 2 4
Answer: 358
1 3 8  7 2 6  4 9 5
5 4 9  1 8 3  2 7 6
2 7 6  4 5 9  3 1 8

4 6 2  9 1 7  8 5 3
8 1 5  2 3 4  9 6 7
3 9 7  5 6 8  1 2 4

7 5 4  3 9 2  6 8 1
6 2 1  8 4 5  7 3 9
9 8 3  6 7 1  5 4 2
Answer: 359
1 3 8  7 2 6  4 9 5
5 4 9  1 8 3  2 6 7
2 7 6  4 5 9  3 1 8

3 6 2  9 1 7  8 5 4
8 1 5  2 3 4  9 7 6
4 9 7  5 6 8  1 2 3

7 5 4  3 9 2  6 8 1
6 2 1  8 4 5  7 3 9
9 8 3  6 7 1  5 4 2
Answer: 360
1 3 8  7 2 6  4 9 5
5 4 9  1 8 3  2 7 6
2 7 6  4 5 9  3 1 8

3 6 2  9 1 7  8 5 4
8 1 5  2 3 4  9 6 7
4 9 7  5 6 8  1 2 3

7 5 4  3 9 2  6 8 1
6 2 1  8 4 5  7 3 9
9 8 3  6 7 1  5 4 2
Answer: 361
3 1 8  7 2 6  4 5 9
5 4 9  1 8 3  2 7 6
2 7 6  4 5 9  3 1 8

4 6 2  9 1 7  8 3 5
1 8 5  2 3 4  9 6 7
9 3 7  5 6 8  1 4 2

7 5 4  3 9 2  6 8 1
6 9 1  8 4 5  7 2 3
8 2 3  6 7 1  5 9 4
Answer: 362
3 1 8  7 2 6  4 5 9
5 4 9  1 8 3  2 6 7
2 7 6  4 5 9  3 1 8

4 6 2  9 1 7  8 3 5
1 8 5  2 3 4  9 7 6
9 3 7  5 6 8  1 4 2

7 5 4  3 9 2  6 8 1
6 9 1  8 4 5  7 2 3
8 2 3  6 7 1  5 9 4
Answer: 363
3 1 8  7 2 6  4 5 9
5 4 9  1 8 3  2 7 6
2 7 6  4 5 9  3 1 8

4 6 2  9 1 7  8 3 5
1 8 5  2 3 4  9 6 7
9 3 7  5 6 8  1 4 2

7 5 4  3 9 2  6 8 1
6 2 1  8 4 5  7 9 3
8 9 3  6 7 1  5 2 4
Answer: 364
3 1 8  7 2 6  4 5 9
5 4 9  1 8 3  2 7 6
2 7 6  4 5 9  3 1 8

4 6 2  9 1 7  8 3 5
1 8 5  2 3 4  9 6 7
9 3 7  5 6 8  1 2 4

7 5 4  3 9 2  6 8 1
6 2 1  8 4 5  7 9 3
8 9 3  6 7 1  5 4 2
Answer: 365
3 1 8  7 2 6  4 5 9
5 4 9  1 8 3  2 6 7
2 7 6  4 5 9  3 1 8

4 6 2  9 1 7  8 3 5
1 8 5  2 3 4  9 7 6
9 3 7  5 6 8  1 4 2

7 5 4  3 9 2  6 8 1
6 2 1  8 4 5  7 9 3
8 9 3  6 7 1  5 2 4
Answer: 366
3 1 8  7 2 6  4 5 9
5 4 9  1 8 3  2 6 7
2 7 6  4 5 9  3 1 8

4 6 2  9 1 7  8 3 5
1 8 5  2 3 4  9 7 6
9 3 7  5 6 8  1 2 4

7 5 4  3 9 2  6 8 1
6 2 1  8 4 5  7 9 3
8 9 3  6 7 1  5 4 2
Answer: 367
3 1 8  7 2 6  4 9 5
5 4 9  1 8 3  2 7 6
2 7 6  4 5 9  3 1 8

4 6 2  9 1 7  8 5 3
1 8 5  2 3 4  9 6 7
9 3 7  5 6 8  1 2 4

7 5 4  3 9 2  6 8 1
6 9 1  8 4 5  7 3 2
8 2 3  6 7 1  5 4 9
Answer: 368
3 1 8  7 2 6  4 9 5
5 4 9  1 8 3  2 6 7
2 7 6  4 5 9  3 1 8

4 6 2  9 1 7  8 5 3
1 8 5  2 3 4  9 7 6
9 3 7  5 6 8  1 2 4

7 5 4  3 9 2  6 8 1
6 9 1  8 4 5  7 3 2
8 2 3  6 7 1  5 4 9
Answer: 369
3 1 8  7 2 6  4 9 5
5 4 9  1 8 3  2 7 6
2 7 6  4 5 9  3 1 8

4 6 2  9 1 7  8 5 3
1 8 5  2 3 4  9 6 7
9 3 7  5 6 8  1 4 2

7 5 4  3 9 2  6 8 1
6 2 1  8 4 5  7 3 9
8 9 3  6 7 1  5 2 4
Answer: 370
3 1 8  7 2 6  4 9 5
5 4 9  1 8 3  2 7 6
2 7 6  4 5 9  3 1 8

4 6 2  9 1 7  8 5 3
1 8 5  2 3 4  9 6 7
9 3 7  5 6 8  1 2 4

7 5 4  3 9 2  6 8 1
6 2 1  8 4 5  7 3 9
8 9 3  6 7 1  5 4 2
Answer: 371
3 1 8  7 2 6  4 9 5
5 4 9  1 8 3  2 6 7
2 7 6  4 5 9  3 1 8

4 6 2  9 1 7  8 5 3
1 8 5  2 3 4  9 7 6
9 3 7  5 6 8  1 4 2

7 5 4  3 9 2  6 8 1
6 2 1  8 4 5  7 3 9
8 9 3  6 7 1  5 2 4
Answer: 372
3 1 8  7 2 6  4 9 5
5 4 9  1 8 3  2 6 7
2 7 6  4 5 9  3 1 8

4 6 2  9 1 7  8 5 3
1 8 5  2 3 4  9 7 6
9 3 7  5 6 8  1 2 4

7 5 4  3 9 2  6 8 1
6 2 1  8 4 5  7 3 9
8 9 3  6 7 1  5 4 2
Answer: 373
5 3 8  7 2 6  4 1 9
4 7 9  1 8 3  2 5 6
2 1 6  4 5 9  3 7 8

3 6 2  9 1 7  8 4 5
1 8 5  2 3 4  9 6 7
9 4 7  5 6 8  1 3 2

7 5 4  3 9 2  6 8 1
6 9 1  8 4 5  7 2 3
8 2 3  6 7 1  5 9 4
Answer: 374
5 3 8  7 2 6  4 1 9
4 7 9  1 8 3  2 5 6
2 1 6  4 5 9  3 7 8

3 6 2  9 1 7  8 4 5
1 8 5  2 3 4  9 6 7
9 4 7  5 6 8  1 3 2

7 5 4  3 9 2  6 8 1
6 2 1  8 4 5  7 9 3
8 9 3  6 7 1  5 2 4
Answer: 375
5 3 8  7 2 6  4 1 9
4 7 9  1 8 3  2 5 6
2 1 6  4 5 9  3 7 8

3 6 2  9 1 7  8 4 5
1 8 5  2 3 4  9 6 7
9 4 7  5 6 8  1 2 3

7 5 4  3 9 2  6 8 1
6 9 1  8 4 5  7 3 2
8 2 3  6 7 1  5 9 4
Answer: 376
1 3 8  7 2 6  4 5 9
5 4 9  1 8 3  2 7 6
2 7 6  4 5 9  3 8 1

3 6 2  9 1 7  8 4 5
8 1 5  2 3 4  9 6 7
4 9 7  5 6 8  1 3 2

7 5 4  3 9 2  6 1 8
6 2 1  8 4 5  7 9 3
9 8 3  6 7 1  5 2 4
Answer: 377
1 3 8  7 2 6  4 5 9
5 4 9  1 8 3  2 6 7
2 7 6  4 5 9  3 8 1

3 6 2  9 1 7  8 4 5
8 1 5  2 3 4  9 7 6
4 9 7  5 6 8  1 3 2

7 5 4  3 9 2  6 1 8
6 2 1  8 4 5  7 9 3
9 8 3  6 7 1  5 2 4
Answer: 378
1 3 8  7 2 6  4 5 9
5 4 9  1 8 3  2 7 6
2 7 6  4 5 9  3 8 1

4 6 2  9 1 7  8 3 5
8 1 5  2 3 4  9 6 7
3 9 7  5 6 8  1 4 2

7 5 4  3 9 2  6 1 8
6 2 1  8 4 5  7 9 3
9 8 3  6 7 1  5 2 4
Answer: 379
1 3 8  7 2 6  4 5 9
5 4 9  1 8 3  2 7 6
2 7 6  4 5 9  3 8 1

4 6 2  9 1 7  8 3 5
8 1 5  2 3 4  9 6 7
3 9 7  5 6 8  1 2 4

7 5 4  3 9 2  6 1 8
6 2 1  8 4 5  7 9 3
9 8 3  6 7 1  5 4 2
Answer: 380
1 3 8  7 2 6  4 5 9
5 4 9  1 8 3  2 6 7
2 7 6  4 5 9  3 8 1

4 6 2  9 1 7  8 3 5
8 1 5  2 3 4  9 7 6
3 9 7  5 6 8  1 2 4

7 5 4  3 9 2  6 1 8
6 2 1  8 4 5  7 9 3
9 8 3  6 7 1  5 4 2
Answer: 381
1 3 8  7 2 6  4 5 9
5 4 9  1 8 3  2 6 7
2 7 6  4 5 9  3 8 1

4 6 2  9 1 7  8 3 5
8 1 5  2 3 4  9 7 6
3 9 7  5 6 8  1 4 2

7 5 4  3 9 2  6 1 8
6 2 1  8 4 5  7 9 3
9 8 3  6 7 1  5 2 4
Answer: 382
1 3 8  7 2 6  4 9 5
5 4 9  1 8 3  2 7 6
2 7 6  4 5 9  3 8 1

4 6 2  9 1 7  8 5 3
8 1 5  2 3 4  9 6 7
3 9 7  5 6 8  1 4 2

7 5 4  3 9 2  6 1 8
6 2 1  8 4 5  7 3 9
9 8 3  6 7 1  5 2 4
Answer: 383
1 3 8  7 2 6  4 9 5
5 4 9  1 8 3  2 7 6
2 7 6  4 5 9  3 8 1

4 6 2  9 1 7  8 5 3
8 1 5  2 3 4  9 6 7
3 9 7  5 6 8  1 2 4

7 5 4  3 9 2  6 1 8
6 2 1  8 4 5  7 3 9
9 8 3  6 7 1  5 4 2
Answer: 384
1 3 8  7 2 6  4 9 5
5 4 9  1 8 3  2 6 7
2 7 6  4 5 9  3 8 1

4 6 2  9 1 7  8 5 3
8 1 5  2 3 4  9 7 6
3 9 7  5 6 8  1 4 2

7 5 4  3 9 2  6 1 8
6 2 1  8 4 5  7 3 9
9 8 3  6 7 1  5 2 4
Answer: 385
1 3 8  7 2 6  4 9 5
5 4 9  1 8 3  2 6 7
2 7 6  4 5 9  3 8 1

4 6 2  9 1 7  8 5 3
8 1 5  2 3 4  9 7 6
3 9 7  5 6 8  1 2 4

7 5 4  3 9 2  6 1 8
6 2 1  8 4 5  7 3 9
9 8 3  6 7 1  5 4 2
Answer: 386
1 3 8  7 2 6  4 9 5
5 4 9  1 8 3  2 7 6
2 7 6  4 5 9  3 8 1

3 6 2  9 1 7  8 5 4
8 1 5  2 3 4  9 6 7
4 9 7  5 6 8  1 2 3

7 5 4  3 9 2  6 1 8
6 2 1  8 4 5  7 3 9
9 8 3  6 7 1  5 4 2
Answer: 387
1 3 8  7 2 6  4 9 5
5 4 9  1 8 3  2 6 7
2 7 6  4 5 9  3 8 1

3 6 2  9 1 7  8 5 4
8 1 5  2 3 4  9 7 6
4 9 7  5 6 8  1 2 3

7 5 4  3 9 2  6 1 8
6 2 1  8 4 5  7 3 9
9 8 3  6 7 1  5 4 2
Answer: 388
5 3 8  7 2 6  4 9 1
4 7 9  1 8 3  2 6 5
2 1 6  4 5 9  3 8 7

3 6 2  9 1 7  8 5 4
1 8 5  2 3 4  9 7 6
9 4 7  5 6 8  1 3 2

7 5 4  3 9 2  6 1 8
6 9 1  8 4 5  7 2 3
8 2 3  6 7 1  5 4 9
Answer: 389
5 3 8  7 2 6  4 9 1
4 7 9  1 8 3  2 6 5
2 1 6  4 5 9  3 8 7

3 6 2  9 1 7  8 5 4
1 8 5  2 3 4  9 7 6
9 4 7  5 6 8  1 2 3

7 5 4  3 9 2  6 1 8
6 9 1  8 4 5  7 3 2
8 2 3  6 7 1  5 4 9
Answer: 390
5 3 8  7 2 6  4 9 1
4 7 9  1 8 3  2 6 5
2 1 6  4 5 9  3 8 7

3 6 2  9 1 7  8 5 4
1 8 5  2 3 4  9 7 6
9 4 7  5 6 8  1 2 3

7 5 4  3 9 2  6 1 8
6 2 1  8 4 5  7 3 9
8 9 3  6 7 1  5 4 2
Answer: 391
3 1 8  7 2 6  4 5 9
5 4 9  1 8 3  2 6 7
2 7 6  4 5 9  3 8 1

4 6 2  9 1 7  8 3 5
1 8 5  2 3 4  9 7 6
9 3 7  5 6 8  1 4 2

7 5 4  3 9 2  6 1 8
6 9 1  8 4 5  7 2 3
8 2 3  6 7 1  5 9 4
Answer: 392
3 1 8  7 2 6  4 5 9
5 4 9  1 8 3  2 7 6
2 7 6  4 5 9  3 8 1

4 6 2  9 1 7  8 3 5
1 8 5  2 3 4  9 6 7
9 3 7  5 6 8  1 4 2

7 5 4  3 9 2  6 1 8
6 9 1  8 4 5  7 2 3
8 2 3  6 7 1  5 9 4
Answer: 393
3 1 8  7 2 6  4 5 9
5 4 9  1 8 3  2 6 7
2 7 6  4 5 9  3 8 1

4 6 2  9 1 7  8 3 5
1 8 5  2 3 4  9 7 6
9 3 7  5 6 8  1 4 2

7 5 4  3 9 2  6 1 8
6 2 1  8 4 5  7 9 3
8 9 3  6 7 1  5 2 4
Answer: 394
3 1 8  7 2 6  4 5 9
5 4 9  1 8 3  2 6 7
2 7 6  4 5 9  3 8 1

4 6 2  9 1 7  8 3 5
1 8 5  2 3 4  9 7 6
9 3 7  5 6 8  1 2 4

7 5 4  3 9 2  6 1 8
6 2 1  8 4 5  7 9 3
8 9 3  6 7 1  5 4 2
Answer: 395
3 1 8  7 2 6  4 5 9
5 4 9  1 8 3  2 7 6
2 7 6  4 5 9  3 8 1

4 6 2  9 1 7  8 3 5
1 8 5  2 3 4  9 6 7
9 3 7  5 6 8  1 4 2

7 5 4  3 9 2  6 1 8
6 2 1  8 4 5  7 9 3
8 9 3  6 7 1  5 2 4
Answer: 396
3 1 8  7 2 6  4 5 9
5 4 9  1 8 3  2 7 6
2 7 6  4 5 9  3 8 1

4 6 2  9 1 7  8 3 5
1 8 5  2 3 4  9 6 7
9 3 7  5 6 8  1 2 4

7 5 4  3 9 2  6 1 8
6 2 1  8 4 5  7 9 3
8 9 3  6 7 1  5 4 2
Answer: 397
3 1 8  7 2 6  4 9 5
5 4 9  1 8 3  2 6 7
2 7 6  4 5 9  3 8 1

4 6 2  9 1 7  8 5 3
1 8 5  2 3 4  9 7 6
9 3 7  5 6 8  1 2 4

7 5 4  3 9 2  6 1 8
6 9 1  8 4 5  7 3 2
8 2 3  6 7 1  5 4 9
Answer: 398
3 1 8  7 2 6  4 9 5
5 4 9  1 8 3  2 7 6
2 7 6  4 5 9  3 8 1

4 6 2  9 1 7  8 5 3
1 8 5  2 3 4  9 6 7
9 3 7  5 6 8  1 2 4

7 5 4  3 9 2  6 1 8
6 9 1  8 4 5  7 3 2
8 2 3  6 7 1  5 4 9
Answer: 399
3 1 8  7 2 6  4 9 5
5 4 9  1 8 3  2 6 7
2 7 6  4 5 9  3 8 1

4 6 2  9 1 7  8 5 3
1 8 5  2 3 4  9 7 6
9 3 7  5 6 8  1 4 2

7 5 4  3 9 2  6 1 8
6 2 1  8 4 5  7 3 9
8 9 3  6 7 1  5 2 4
Answer: 400
3 1 8  7 2 6  4 9 5
5 4 9  1 8 3  2 6 7
2 7 6  4 5 9  3 8 1

4 6 2  9 1 7  8 5 3
1 8 5  2 3 4  9 7 6
9 3 7  5 6 8  1 2 4

7 5 4  3 9 2  6 1 8
6 2 1  8 4 5  7 3 9
8 9 3  6 7 1  5 4 2
Answer: 401
3 1 8  7 2 6  4 9 5
5 4 9  1 8 3  2 7 6
2 7 6  4 5 9  3 8 1

4 6 2  9 1 7  8 5 3
1 8 5  2 3 4  9 6 7
9 3 7  5 6 8  1 4 2

7 5 4  3 9 2  6 1 8
6 2 1  8 4 5  7 3 9
8 9 3  6 7 1  5 2 4
Answer: 402
3 1 8  7 2 6  4 9 5
5 4 9  1 8 3  2 7 6
2 7 6  4 5 9  3 8 1

4 6 2  9 1 7  8 5 3
1 8 5  2 3 4  9 6 7
9 3 7  5 6 8  1 2 4

7 5 4  3 9 2  6 1 8
6 2 1  8 4 5  7 3 9
8 9 3  6 7 1  5 4 2
Answer: 403
3 5 8  7 2 6  4 1 9
7 4 9  1 8 3  2 5 6
2 1 6  4 5 9  3 7 8

4 6 2  9 1 7  8 3 5
1 8 5  2 3 4  9 6 7
9 3 7  5 6 8  1 4 2

5 7 4  3 9 2  6 8 1
6 9 1  8 4 5  7 2 3
8 2 3  6 7 1  5 9 4
Answer: 404
3 5 8  7 2 6  4 1 9
7 4 9  1 8 3  2 5 6
2 1 6  4 5 9  3 7 8

4 6 2  9 1 7  8 3 5
1 8 5  2 3 4  9 6 7
9 3 7  5 6 8  1 4 2

5 7 4  3 9 2  6 8 1
6 2 1  8 4 5  7 9 3
8 9 3  6 7 1  5 2 4
Answer: 405
3 5 8  7 2 6  4 1 9
7 4 9  1 8 3  2 5 6
2 1 6  4 5 9  3 7 8

4 6 2  9 1 7  8 3 5
1 8 5  2 3 4  9 6 7
9 3 7  5 6 8  1 2 4

5 7 4  3 9 2  6 8 1
6 2 1  8 4 5  7 9 3
8 9 3  6 7 1  5 4 2
Answer: 406
3 5 8  7 2 6  4 9 1
7 4 9  1 8 3  2 6 5
2 1 6  4 5 9  3 8 7

4 6 2  9 1 7  8 5 3
1 8 5  2 3 4  9 7 6
9 3 7  5 6 8  1 2 4

5 7 4  3 9 2  6 1 8
6 9 1  8 4 5  7 3 2
8 2 3  6 7 1  5 4 9
Answer: 407
3 5 8  7 2 6  4 9 1
7 4 9  1 8 3  2 6 5
2 1 6  4 5 9  3 8 7

4 6 2  9 1 7  8 5 3
1 8 5  2 3 4  9 7 6
9 3 7  5 6 8  1 4 2

5 7 4  3 9 2  6 1 8
6 2 1  8 4 5  7 3 9
8 9 3  6 7 1  5 2 4
Answer: 408
3 5 8  7 2 6  4 9 1
7 4 9  1 8 3  2 6 5
2 1 6  4 5 9  3 8 7

4 6 2  9 1 7  8 5 3
1 8 5  2 3 4  9 7 6
9 3 7  5 6 8  1 2 4

5 7 4  3 9 2  6 1 8
6 2 1  8 4 5  7 3 9
8 9 3  6 7 1  5 4 2
Answer: 409
5 3 8  7 2 6  4 1 9
4 7 9  1 8 3  2 5 6
1 2 6  4 5 9  3 7 8

6 4 2  9 1 7  8 3 5
8 1 5  2 3 4  9 6 7
3 9 7  5 6 8  1 4 2

7 5 4  3 9 2  6 8 1
9 6 1  8 4 5  7 2 3
2 8 3  6 7 1  5 9 4
Answer: 410
5 3 8  7 2 6  4 9 1
4 7 9  1 8 3  2 6 5
1 2 6  4 5 9  3 8 7

6 4 2  9 1 7  8 5 3
8 1 5  2 3 4  9 7 6
3 9 7  5 6 8  1 2 4

7 5 4  3 9 2  6 1 8
9 6 1  8 4 5  7 3 2
2 8 3  6 7 1  5 4 9
Answer: 411
3 5 8  7 2 6  4 1 9
7 4 9  1 8 3  2 5 6
1 2 6  4 5 9  3 7 8

6 3 2  9 1 7  8 4 5
8 1 5  2 3 4  9 6 7
4 9 7  5 6 8  1 3 2

5 7 4  3 9 2  6 8 1
9 6 1  8 4 5  7 2 3
2 8 3  6 7 1  5 9 4
Answer: 412
3 5 8  7 2 6  4 1 9
7 4 9  1 8 3  2 5 6
1 2 6  4 5 9  3 7 8

6 3 2  9 1 7  8 4 5
8 1 5  2 3 4  9 6 7
4 9 7  5 6 8  1 2 3

5 7 4  3 9 2  6 8 1
9 6 1  8 4 5  7 3 2
2 8 3  6 7 1  5 9 4
Answer: 413
3 5 8  7 2 6  4 9 1
7 4 9  1 8 3  2 6 5
1 2 6  4 5 9  3 8 7

6 3 2  9 1 7  8 5 4
8 1 5  2 3 4  9 7 6
4 9 7  5 6 8  1 3 2

5 7 4  3 9 2  6 1 8
9 6 1  8 4 5  7 2 3
2 8 3  6 7 1  5 4 9
Answer: 414
3 5 8  7 2 6  4 9 1
7 4 9  1 8 3  2 6 5
1 2 6  4 5 9  3 8 7

6 3 2  9 1 7  8 5 4
8 1 5  2 3 4  9 7 6
4 9 7  5 6 8  1 2 3

5 7 4  3 9 2  6 1 8
9 6 1  8 4 5  7 3 2
2 8 3  6 7 1  5 4 9
Answer: 415
1 3 8  7 2 6  4 5 9
4 5 9  1 8 3  2 7 6
7 2 6  4 5 9  3 1 8

6 4 2  9 1 7  8 3 5
8 1 5  2 3 4  9 6 7
3 9 7  5 6 8  1 4 2

5 7 4  3 9 2  6 8 1
9 6 1  8 4 5  7 2 3
2 8 3  6 7 1  5 9 4
Answer: 416
1 3 8  7 2 6  4 5 9
4 5 9  1 8 3  2 6 7
7 2 6  4 5 9  3 1 8

6 4 2  9 1 7  8 3 5
8 1 5  2 3 4  9 7 6
3 9 7  5 6 8  1 4 2

5 7 4  3 9 2  6 8 1
9 6 1  8 4 5  7 2 3
2 8 3  6 7 1  5 9 4
Answer: 417
1 3 8  7 2 6  4 9 5
4 5 9  1 8 3  2 7 6
7 2 6  4 5 9  3 1 8

6 4 2  9 1 7  8 5 3
8 1 5  2 3 4  9 6 7
3 9 7  5 6 8  1 2 4

5 7 4  3 9 2  6 8 1
9 6 1  8 4 5  7 3 2
2 8 3  6 7 1  5 4 9
Answer: 418
1 3 8  7 2 6  4 9 5
4 5 9  1 8 3  2 6 7
7 2 6  4 5 9  3 1 8

6 4 2  9 1 7  8 5 3
8 1 5  2 3 4  9 7 6
3 9 7  5 6 8  1 2 4

5 7 4  3 9 2  6 8 1
9 6 1  8 4 5  7 3 2
2 8 3  6 7 1  5 4 9
Answer: 419
1 3 8  7 2 6  4 5 9
4 5 9  1 8 3  2 7 6
7 2 6  4 5 9  3 8 1

6 4 2  9 1 7  8 3 5
8 1 5  2 3 4  9 6 7
3 9 7  5 6 8  1 4 2

5 7 4  3 9 2  6 1 8
9 6 1  8 4 5  7 2 3
2 8 3  6 7 1  5 9 4
Answer: 420
1 3 8  7 2 6  4 5 9
4 5 9  1 8 3  2 6 7
7 2 6  4 5 9  3 8 1

6 4 2  9 1 7  8 3 5
8 1 5  2 3 4  9 7 6
3 9 7  5 6 8  1 4 2

5 7 4  3 9 2  6 1 8
9 6 1  8 4 5  7 2 3
2 8 3  6 7 1  5 9 4
Answer: 421
1 3 8  7 2 6  4 9 5
4 5 9  1 8 3  2 7 6
7 2 6  4 5 9  3 8 1

6 4 2  9 1 7  8 5 3
8 1 5  2 3 4  9 6 7
3 9 7  5 6 8  1 2 4

5 7 4  3 9 2  6 1 8
9 6 1  8 4 5  7 3 2
2 8 3  6 7 1  5 4 9
Answer: 422
1 3 8  7 2 6  4 9 5
4 5 9  1 8 3  2 6 7
7 2 6  4 5 9  3 8 1

6 4 2  9 1 7  8 5 3
8 1 5  2 3 4  9 7 6
3 9 7  5 6 8  1 2 4

5 7 4  3 9 2  6 1 8
9 6 1  8 4 5  7 3 2
2 8 3  6 7 1  5 4 9
Answer: 423
3 1 8  7 2 6  4 5 9
5 4 9  1 8 3  2 7 6
2 7 6  4 5 9  3 1 8

6 3 2  9 1 7  8 4 5
1 8 5  2 3 4  9 6 7
4 9 7  5 6 8  1 3 2

7 5 4  3 9 2  6 8 1
9 6 1  8 4 5  7 2 3
8 2 3  6 7 1  5 9 4
Answer: 424
3 1 8  7 2 6  4 9 5
5 4 9  1 8 3  2 7 6
2 7 6  4 5 9  3 1 8

6 3 2  9 1 7  8 5 4
1 8 5  2 3 4  9 6 7
4 9 7  5 6 8  1 3 2

7 5 4  3 9 2  6 8 1
9 6 1  8 4 5  7 2 3
8 2 3  6 7 1  5 4 9
Answer: 425
3 1 8  7 2 6  4 5 9
5 4 9  1 8 3  2 6 7
2 7 6  4 5 9  3 1 8

6 3 2  9 1 7  8 4 5
1 8 5  2 3 4  9 7 6
4 9 7  5 6 8  1 3 2

7 5 4  3 9 2  6 8 1
9 6 1  8 4 5  7 2 3
8 2 3  6 7 1  5 9 4
Answer: 426
3 1 8  7 2 6  4 9 5
5 4 9  1 8 3  2 6 7
2 7 6  4 5 9  3 1 8

6 3 2  9 1 7  8 5 4
1 8 5  2 3 4  9 7 6
4 9 7  5 6 8  1 3 2

7 5 4  3 9 2  6 8 1
9 6 1  8 4 5  7 2 3
8 2 3  6 7 1  5 4 9
Answer: 427
3 1 8  7 2 6  4 5 9
5 4 9  1 8 3  2 7 6
2 7 6  4 5 9  3 1 8

6 3 2  9 1 7  8 4 5
1 8 5  2 3 4  9 6 7
4 9 7  5 6 8  1 2 3

7 5 4  3 9 2  6 8 1
9 6 1  8 4 5  7 3 2
8 2 3  6 7 1  5 9 4
Answer: 428
3 1 8  7 2 6  4 9 5
5 4 9  1 8 3  2 7 6
2 7 6  4 5 9  3 1 8

6 3 2  9 1 7  8 5 4
1 8 5  2 3 4  9 6 7
4 9 7  5 6 8  1 2 3

7 5 4  3 9 2  6 8 1
9 6 1  8 4 5  7 3 2
8 2 3  6 7 1  5 4 9
Answer: 429
3 1 8  7 2 6  4 5 9
5 4 9  1 8 3  2 6 7
2 7 6  4 5 9  3 1 8

6 3 2  9 1 7  8 4 5
1 8 5  2 3 4  9 7 6
4 9 7  5 6 8  1 2 3

7 5 4  3 9 2  6 8 1
9 6 1  8 4 5  7 3 2
8 2 3  6 7 1  5 9 4
Answer: 430
3 1 8  7 2 6  4 9 5
5 4 9  1 8 3  2 6 7
2 7 6  4 5 9  3 1 8

6 3 2  9 1 7  8 5 4
1 8 5  2 3 4  9 7 6
4 9 7  5 6 8  1 2 3

7 5 4  3 9 2  6 8 1
9 6 1  8 4 5  7 3 2
8 2 3  6 7 1  5 4 9
Answer: 431
5 3 8  7 2 6  4 1 9
4 7 9  1 8 3  2 5 6
2 1 6  4 5 9  3 7 8

6 4 2  9 1 7  8 3 5
1 8 5  2 3 4  9 6 7
3 9 7  5 6 8  1 4 2

7 5 4  3 9 2  6 8 1
9 6 1  8 4 5  7 2 3
8 2 3  6 7 1  5 9 4
Answer: 432
5 3 8  7 2 6  4 9 1
4 7 9  1 8 3  2 6 5
2 1 6  4 5 9  3 8 7

6 4 2  9 1 7  8 5 3
1 8 5  2 3 4  9 7 6
3 9 7  5 6 8  1 2 4

7 5 4  3 9 2  6 1 8
9 6 1  8 4 5  7 3 2
8 2 3  6 7 1  5 4 9
Answer: 433
3 1 8  7 2 6  4 5 9
5 4 9  1 8 3  2 7 6
2 7 6  4 5 9  3 8 1

6 3 2  9 1 7  8 4 5
1 8 5  2 3 4  9 6 7
4 9 7  5 6 8  1 3 2

7 5 4  3 9 2  6 1 8
9 6 1  8 4 5  7 2 3
8 2 3  6 7 1  5 9 4
Answer: 434
3 1 8  7 2 6  4 9 5
5 4 9  1 8 3  2 7 6
2 7 6  4 5 9  3 8 1

6 3 2  9 1 7  8 5 4
1 8 5  2 3 4  9 6 7
4 9 7  5 6 8  1 3 2

7 5 4  3 9 2  6 1 8
9 6 1  8 4 5  7 2 3
8 2 3  6 7 1  5 4 9
Answer: 435
3 1 8  7 2 6  4 5 9
5 4 9  1 8 3  2 6 7
2 7 6  4 5 9  3 8 1

6 3 2  9 1 7  8 4 5
1 8 5  2 3 4  9 7 6
4 9 7  5 6 8  1 3 2

7 5 4  3 9 2  6 1 8
9 6 1  8 4 5  7 2 3
8 2 3  6 7 1  5 9 4
Answer: 436
3 1 8  7 2 6  4 9 5
5 4 9  1 8 3  2 6 7
2 7 6  4 5 9  3 8 1

6 3 2  9 1 7  8 5 4
1 8 5  2 3 4  9 7 6
4 9 7  5 6 8  1 3 2

7 5 4  3 9 2  6 1 8
9 6 1  8 4 5  7 2 3
8 2 3  6 7 1  5 4 9
Answer: 437
3 1 8  7 2 6  4 5 9
5 4 9  1 8 3  2 7 6
2 7 6  4 5 9  3 8 1

6 3 2  9 1 7  8 4 5
1 8 5  2 3 4  9 6 7
4 9 7  5 6 8  1 2 3

7 5 4  3 9 2  6 1 8
9 6 1  8 4 5  7 3 2
8 2 3  6 7 1  5 9 4
Answer: 438
3 1 8  7 2 6  4 9 5
5 4 9  1 8 3  2 7 6
2 7 6  4 5 9  3 8 1

6 3 2  9 1 7  8 5 4
1 8 5  2 3 4  9 6 7
4 9 7  5 6 8  1 2 3

7 5 4  3 9 2  6 1 8
9 6 1  8 4 5  7 3 2
8 2 3  6 7 1  5 4 9
Answer: 439
3 1 8  7 2 6  4 5 9
5 4 9  1 8 3  2 6 7
2 7 6  4 5 9  3 8 1

6 3 2  9 1 7  8 4 5
1 8 5  2 3 4  9 7 6
4 9 7  5 6 8  1 2 3

7 5 4  3 9 2  6 1 8
9 6 1  8 4 5  7 3 2
8 2 3  6 7 1  5 9 4
Answer: 440
3 1 8  7 2 6  4 9 5
5 4 9  1 8 3  2 6 7
2 7 6  4 5 9  3 8 1

6 3 2  9 1 7  8 5 4
1 8 5  2 3 4  9 7 6
4 9 7  5 6 8  1 2 3

7 5 4  3 9 2  6 1 8
9 6 1  8 4 5  7 3 2
8 2 3  6 7 1  5 4 9
Answer: 441
3 5 8  7 2 6  4 1 9
7 4 9  1 8 3  2 5 6
2 1 6  4 5 9  3 7 8

6 3 2  9 1 7  8 4 5
1 8 5  2 3 4  9 6 7
4 9 7  5 6 8  1 3 2

5 7 4  3 9 2  6 8 1
9 6 1  8 4 5  7 2 3
8 2 3  6 7 1  5 9 4
Answer: 442
3 5 8  7 2 6  4 1 9
7 4 9  1 8 3  2 5 6
2 1 6  4 5 9  3 7 8

6 3 2  9 1 7  8 4 5
1 8 5  2 3 4  9 6 7
4 9 7  5 6 8  1 2 3

5 7 4  3 9 2  6 8 1
9 6 1  8 4 5  7 3 2
8 2 3  6 7 1  5 9 4
Answer: 443
3 5 8  7 2 6  4 9 1
7 4 9  1 8 3  2 6 5
2 1 6  4 5 9  3 8 7

6 3 2  9 1 7  8 5 4
1 8 5  2 3 4  9 7 6
4 9 7  5 6 8  1 3 2

5 7 4  3 9 2  6 1 8
9 6 1  8 4 5  7 2 3
8 2 3  6 7 1  5 4 9
Answer: 444
3 5 8  7 2 6  4 9 1
7 4 9  1 8 3  2 6 5
2 1 6  4 5 9  3 8 7

6 3 2  9 1 7  8 5 4
1 8 5  2 3 4  9 7 6
4 9 7  5 6 8  1 2 3

5 7 4  3 9 2  6 1 8
9 6 1  8 4 5  7 3 2
8 2 3  6 7 1  5 4 9
SATISFIABLE

Models       : 444
Calls        : 1
Time         : 0.511s (Solving: 0.50s 1st Model: 0.00s Unsat: 0.00s)
CPU Time     : 0.511s