clingo version 5.6.2
Reading from ./instances/lp/ex18.lp
Solving...
Answer: 1
4 1 3  8 5 2  6 9 7
2 5 9  1 6 7  4 8 3
7 6 8  3 4 9  2 5 1

6 2 4  5 3 1  8 7 9
9 3 7  6 2 8  5 1 4
1 8 5  7 9 4  3 2 6

8 9 2  4 7 3  1 6 5
3 7 6  2 1 5  9 4 8
5 4 1  9 8 6  7 3 2
Answer: 2
4 1 3  8 5 2  6 9 7
9 2 5  1 6 7  4 8 3
6 8 7  3 4 9  2 5 1

2 6 4  5 3 1  8 7 9
3 7 9  6 2 8  5 1 4
1 5 8  7 9 4  3 2 6

8 9 2  4 7 3  1 6 5
7 3 6  2 1 5  9 4 8
5 4 1  9 8 6  7 3 2
Answer: 3
4 1 3  8 5 2  6 9 7
9 2 5  1 6 7  4 8 3
6 8 7  3 4 9  2 5 1

2 6 4  5 3 1  8 7 9
7 3 9  6 2 8  5 1 4
1 5 8  7 9 4  3 2 6

8 9 2  4 7 3  1 6 5
3 7 6  2 1 5  9 4 8
5 4 1  9 8 6  7 3 2
Answer: 4
4 1 3  8 5 2  6 9 7
2 9 5  1 6 7  4 8 3
8 6 7  3 4 9  2 5 1

6 2 4  5 3 1  8 7 9
3 7 9  6 2 8  5 1 4
1 5 8  7 9 4  3 2 6

9 8 2  4 7 3  1 6 5
7 3 6  2 1 5  9 4 8
5 4 1  9 8 6  7 3 2
Answer: 5
4 1 3  8 5 2  6 9 7
2 9 5  1 6 7  4 8 3
8 6 7  3 4 9  2 5 1

6 2 4  5 3 1  8 7 9
7 3 9  6 2 8  5 1 4
1 5 8  7 9 4  3 2 6

9 8 2  4 7 3  1 6 5
3 7 6  2 1 5  9 4 8
5 4 1  9 8 6  7 3 2
Answer: 6
4 1 3  8 5 2  6 9 7
9 5 2  1 6 7  4 8 3
8 6 7  3 4 9  2 5 1

6 2 4  5 3 1  8 7 9
3 7 9  6 2 8  5 1 4
1 8 5  7 9 4  3 2 6

2 9 8  4 7 3  1 6 5
7 3 6  2 1 5  9 4 8
5 4 1  9 8 6  7 3 2
Answer: 7
4 1 3  8 5 2  6 9 7
9 5 2  1 6 7  4 8 3
8 6 7  3 4 9  2 5 1

6 2 4  5 3 1  8 7 9
7 3 9  6 2 8  5 1 4
1 8 5  7 9 4  3 2 6

2 9 8  4 7 3  1 6 5
3 7 6  2 1 5  9 4 8
5 4 1  9 8 6  7 3 2
Answer: 8
4 1 3  8 5 2  6 9 7
9 5 2  1 6 7  4 8 3
6 7 8  3 4 9  2 5 1

2 6 4  5 3 1  8 7 9
3 9 7  6 2 8  5 1 4
1 8 5  7 9 4  3 2 6

8 2 9  4 7 3  1 6 5
7 3 6  2 1 5  9 4 8
5 4 1  9 8 6  7 3 2
Answer: 9
4 1 3  8 5 2  6 9 7
9 5 2  1 6 7  4 8 3
8 7 6  3 4 9  2 5 1

6 2 4  5 3 1  8 7 9
7 3 9  6 2 8  5 1 4
1 8 5  7 9 4  3 2 6

2 9 8  4 7 3  1 6 5
3 6 7  2 1 5  9 4 8
5 4 1  9 8 6  7 3 2
Answer: 10
4 1 3  8 5 2  6 9 7
2 9 5  1 6 7  4 8 3
8 7 6  3 4 9  2 5 1

6 2 4  5 3 1  8 7 9
7 3 9  6 2 8  5 1 4
1 5 8  7 9 4  3 2 6

9 8 2  4 7 3  1 6 5
3 6 7  2 1 5  9 4 8
5 4 1  9 8 6  7 3 2
Answer: 11
4 1 3  8 5 2  6 9 7
9 2 5  1 6 7  4 8 3
7 8 6  3 4 9  2 5 1

2 6 4  5 3 1  8 7 9
3 7 9  6 2 8  5 1 4
1 5 8  7 9 4  3 2 6

8 9 2  4 7 3  1 6 5
6 3 7  2 1 5  9 4 8
5 4 1  9 8 6  7 3 2
Answer: 12
4 3 1  8 5 2  6 9 7
5 9 2  1 6 7  4 8 3
6 8 7  3 4 9  2 5 1

2 4 6  5 3 1  8 7 9
3 7 9  6 2 8  5 1 4
8 1 5  7 9 4  3 2 6

9 2 8  4 7 3  1 6 5
7 6 3  2 1 5  9 4 8
1 5 4  9 8 6  7 3 2
Answer: 13
4 3 1  8 5 2  6 9 7
5 2 9  1 6 7  4 8 3
6 7 8  3 4 9  2 5 1

2 4 6  5 3 1  8 7 9
7 9 3  6 2 8  5 1 4
8 1 5  7 9 4  3 2 6

9 8 2  4 7 3  1 6 5
3 6 7  2 1 5  9 4 8
1 5 4  9 8 6  7 3 2
Answer: 14
4 3 1  8 5 2  6 9 7
2 5 9  1 6 7  4 8 3
8 6 7  3 4 9  2 5 1

6 4 2  5 3 1  8 7 9
7 9 3  6 2 8  5 1 4
1 8 5  7 9 4  3 2 6

9 2 8  4 7 3  1 6 5
3 7 6  2 1 5  9 4 8
5 1 4  9 8 6  7 3 2
Answer: 15
4 3 1  8 5 2  6 9 7
5 2 9  1 6 7  4 8 3
6 7 8  3 4 9  2 5 1

2 4 6  5 3 1  8 7 9
3 9 7  6 2 8  5 1 4
8 1 5  7 9 4  3 2 6

9 8 2  4 7 3  1 6 5
7 6 3  2 1 5  9 4 8
1 5 4  9 8 6  7 3 2
Answer: 16
4 3 1  8 5 2  6 9 7
5 2 9  1 6 7  4 8 3
7 6 8  3 4 9  2 5 1

2 4 6  5 3 1  8 7 9
3 9 7  6 2 8  5 1 4
8 1 5  7 9 4  3 2 6

9 8 2  4 7 3  1 6 5
6 7 3  2 1 5  9 4 8
1 5 4  9 8 6  7 3 2
Answer: 17
4 3 1  8 5 2  6 9 7
2 5 9  1 6 7  4 8 3
8 7 6  3 4 9  2 5 1

6 4 2  5 3 1  8 7 9
7 9 3  6 2 8  5 1 4
1 8 5  7 9 4  3 2 6

9 2 8  4 7 3  1 6 5
3 6 7  2 1 5  9 4 8
5 1 4  9 8 6  7 3 2
Answer: 18
4 3 1  8 5 2  6 9 7
5 2 9  1 6 7  4 8 3
7 8 6  3 4 9  2 5 1

6 4 2  5 3 1  8 7 9
9 7 3  6 2 8  5 1 4
8 1 5  7 9 4  3 2 6

2 9 8  4 7 3  1 6 5
3 6 7  2 1 5  9 4 8
1 5 4  9 8 6  7 3 2
Answer: 19
4 3 1  8 5 2  6 9 7
2 5 9  1 6 7  4 8 3
8 7 6  3 4 9  2 5 1

6 4 2  5 3 1  8 7 9
3 9 7  6 2 8  5 1 4
1 8 5  7 9 4  3 2 6

9 2 8  4 7 3  1 6 5
7 6 3  2 1 5  9 4 8
5 1 4  9 8 6  7 3 2
Answer: 20
4 3 1  8 5 2  6 9 7
9 5 2  1 6 7  4 8 3
6 7 8  3 4 9  2 5 1

2 4 6  5 3 1  8 7 9
7 9 3  6 2 8  5 1 4
1 8 5  7 9 4  3 2 6

8 2 9  4 7 3  1 6 5
3 6 7  2 1 5  9 4 8
5 1 4  9 8 6  7 3 2
Answer: 21
4 3 1  8 5 2  6 9 7
9 5 2  1 6 7  4 8 3
6 7 8  3 4 9  2 5 1

2 4 6  5 3 1  8 7 9
3 9 7  6 2 8  5 1 4
1 8 5  7 9 4  3 2 6

8 2 9  4 7 3  1 6 5
7 6 3  2 1 5  9 4 8
5 1 4  9 8 6  7 3 2
Answer: 22
4 3 1  8 5 2  6 9 7
9 5 2  1 6 7  4 8 3
7 6 8  3 4 9  2 5 1

2 4 6  5 3 1  8 7 9
3 9 7  6 2 8  5 1 4
1 8 5  7 9 4  3 2 6

8 2 9  4 7 3  1 6 5
6 7 3  2 1 5  9 4 8
5 1 4  9 8 6  7 3 2
Answer: 23
4 3 1  8 5 2  6 9 7
9 2 5  1 6 7  4 8 3
8 7 6  3 4 9  2 5 1

6 4 2  5 3 1  8 7 9
7 9 3  6 2 8  5 1 4
1 5 8  7 9 4  3 2 6

2 8 9  4 7 3  1 6 5
3 6 7  2 1 5  9 4 8
5 1 4  9 8 6  7 3 2
Answer: 24
4 3 1  8 5 2  6 9 7
2 9 5  1 6 7  4 8 3
7 8 6  3 4 9  2 5 1

6 4 2  5 3 1  8 7 9
9 7 3  6 2 8  5 1 4
1 5 8  7 9 4  3 2 6

8 2 9  4 7 3  1 6 5
3 6 7  2 1 5  9 4 8
5 1 4  9 8 6  7 3 2
Answer: 25
4 3 1  8 5 2  6 9 7
9 2 5  1 6 7  4 8 3
8 6 7  3 4 9  2 5 1

6 4 2  5 3 1  8 7 9
7 9 3  6 2 8  5 1 4
1 5 8  7 9 4  3 2 6

2 8 9  4 7 3  1 6 5
3 7 6  2 1 5  9 4 8
5 1 4  9 8 6  7 3 2
Answer: 26
4 1 3  8 5 2  6 9 7
9 2 5  1 6 7  4 8 3
8 7 6  3 4 9  2 5 1

6 4 2  5 3 1  8 7 9
7 3 9  6 2 8  5 1 4
5 8 1  7 9 4  3 2 6

2 9 8  4 7 3  1 6 5
3 6 7  2 1 5  9 4 8
1 5 4  9 8 6  7 3 2
Answer: 27
4 1 3  8 5 2  6 9 7
2 9 5  1 6 7  4 8 3
8 7 6  3 4 9  2 5 1

6 4 2  5 3 1  8 7 9
7 3 9  6 2 8  5 1 4
5 8 1  7 9 4  3 2 6

9 2 8  4 7 3  1 6 5
3 6 7  2 1 5  9 4 8
1 5 4  9 8 6  7 3 2
Answer: 28
4 1 3  8 5 2  6 9 7
9 2 5  1 6 7  4 8 3
8 6 7  3 4 9  2 5 1

6 4 2  5 3 1  8 7 9
3 7 9  6 2 8  5 1 4
5 8 1  7 9 4  3 2 6

2 9 8  4 7 3  1 6 5
7 3 6  2 1 5  9 4 8
1 5 4  9 8 6  7 3 2
Answer: 29
4 1 3  8 5 2  6 9 7
9 2 5  1 6 7  4 8 3
8 6 7  3 4 9  2 5 1

6 4 2  5 3 1  8 7 9
7 3 9  6 2 8  5 1 4
5 8 1  7 9 4  3 2 6

2 9 8  4 7 3  1 6 5
3 7 6  2 1 5  9 4 8
1 5 4  9 8 6  7 3 2
Answer: 30
4 1 3  8 5 2  6 9 7
2 9 5  1 6 7  4 8 3
8 6 7  3 4 9  2 5 1

6 4 2  5 3 1  8 7 9
3 7 9  6 2 8  5 1 4
5 8 1  7 9 4  3 2 6

9 2 8  4 7 3  1 6 5
7 3 6  2 1 5  9 4 8
1 5 4  9 8 6  7 3 2
Answer: 31
4 1 3  8 5 2  6 9 7
2 9 5  1 6 7  4 8 3
8 6 7  3 4 9  2 5 1

6 4 2  5 3 1  8 7 9
7 3 9  6 2 8  5 1 4
5 8 1  7 9 4  3 2 6

9 2 8  4 7 3  1 6 5
3 7 6  2 1 5  9 4 8
1 5 4  9 8 6  7 3 2
Answer: 32
4 3 1  8 5 2  6 9 7
9 2 5  1 6 7  4 8 3
8 7 6  3 4 9  2 5 1

6 4 2  5 3 1  8 7 9
7 9 3  6 2 8  5 1 4
5 1 8  7 9 4  3 2 6

2 8 9  4 7 3  1 6 5
3 6 7  2 1 5  9 4 8
1 5 4  9 8 6  7 3 2
Answer: 33
4 3 1  8 5 2  6 9 7
9 2 5  1 6 7  4 8 3
8 6 7  3 4 9  2 5 1

6 4 2  5 3 1  8 7 9
7 9 3  6 2 8  5 1 4
5 1 8  7 9 4  3 2 6

2 8 9  4 7 3  1 6 5
3 7 6  2 1 5  9 4 8
1 5 4  9 8 6  7 3 2
Answer: 34
4 1 3  8 5 2  6 9 7
9 2 5  1 6 7  4 8 3
6 7 8  3 4 9  2 5 1

2 4 6  5 3 1  8 7 9
7 3 9  6 2 8  5 1 4
5 8 1  7 9 4  3 2 6

8 9 2  4 7 3  1 6 5
3 6 7  2 1 5  9 4 8
1 5 4  9 8 6  7 3 2
Answer: 35
4 3 1  8 5 2  6 9 7
2 9 5  1 6 7  4 8 3
7 8 6  3 4 9  2 5 1

6 4 2  5 3 1  8 7 9
9 7 3  6 2 8  5 1 4
5 1 8  7 9 4  3 2 6

8 2 9  4 7 3  1 6 5
3 6 7  2 1 5  9 4 8
1 5 4  9 8 6  7 3 2
Answer: 36
4 1 3  8 5 2  6 9 7
9 2 5  1 6 7  4 8 3
7 6 8  3 4 9  2 5 1

2 4 6  5 3 1  8 7 9
3 7 9  6 2 8  5 1 4
5 8 1  7 9 4  3 2 6

8 9 2  4 7 3  1 6 5
6 3 7  2 1 5  9 4 8
1 5 4  9 8 6  7 3 2
Answer: 37
4 1 3  8 5 2  6 9 7
2 9 5  1 6 7  4 8 3
7 6 8  3 4 9  2 5 1

6 4 2  5 3 1  8 7 9
9 3 7  6 2 8  5 1 4
5 8 1  7 9 4  3 2 6

8 2 9  4 7 3  1 6 5
3 7 6  2 1 5  9 4 8
1 5 4  9 8 6  7 3 2
Answer: 38
4 3 1  8 5 2  6 9 7
9 2 5  1 6 7  4 8 3
6 8 7  3 4 9  2 5 1

2 4 6  5 3 1  8 7 9
3 7 9  6 2 8  5 1 4
5 1 8  7 9 4  3 2 6

8 9 2  4 7 3  1 6 5
7 6 3  2 1 5  9 4 8
1 5 4  9 8 6  7 3 2
Answer: 39
4 3 1  8 5 2  6 9 7
9 2 5  1 6 7  4 8 3
8 7 6  3 4 9  2 5 1

6 4 2  5 3 1  8 7 9
3 9 7  6 2 8  5 1 4
5 1 8  7 9 4  3 2 6

2 8 9  4 7 3  1 6 5
7 6 3  2 1 5  9 4 8
1 5 4  9 8 6  7 3 2
Answer: 40
4 3 1  8 5 2  6 9 7
9 2 5  1 6 7  4 8 3
6 8 7  3 4 9  2 5 1

2 4 6  5 3 1  8 7 9
3 7 9  6 2 8  5 1 4
1 5 8  7 9 4  3 2 6

8 9 2  4 7 3  1 6 5
7 6 3  2 1 5  9 4 8
5 1 4  9 8 6  7 3 2
Answer: 41
4 3 1  8 5 2  6 9 7
9 2 5  1 6 7  4 8 3
8 7 6  3 4 9  2 5 1

6 4 2  5 3 1  8 7 9
3 9 7  6 2 8  5 1 4
1 5 8  7 9 4  3 2 6

2 8 9  4 7 3  1 6 5
7 6 3  2 1 5  9 4 8
5 1 4  9 8 6  7 3 2
Answer: 42
4 1 3  8 5 2  6 9 7
5 9 2  1 6 7  4 8 3
6 8 7  3 4 9  2 5 1

2 6 4  5 3 1  8 7 9
3 7 9  6 2 8  5 1 4
8 5 1  7 9 4  3 2 6

9 2 8  4 7 3  1 6 5
7 3 6  2 1 5  9 4 8
1 4 5  9 8 6  7 3 2
Answer: 43
4 1 3  8 5 2  6 9 7
5 9 2  1 6 7  4 8 3
7 8 6  3 4 9  2 5 1

2 6 4  5 3 1  8 7 9
3 7 9  6 2 8  5 1 4
8 5 1  7 9 4  3 2 6

9 2 8  4 7 3  1 6 5
6 3 7  2 1 5  9 4 8
1 4 5  9 8 6  7 3 2
Answer: 44
4 1 3  8 5 2  6 9 7
5 9 2  1 6 7  4 8 3
6 8 7  3 4 9  2 5 1

2 6 4  5 3 1  8 7 9
7 3 9  6 2 8  5 1 4
8 5 1  7 9 4  3 2 6

9 2 8  4 7 3  1 6 5
3 7 6  2 1 5  9 4 8
1 4 5  9 8 6  7 3 2
Answer: 45
4 1 3  8 5 2  6 9 7
9 5 2  1 6 7  4 8 3
8 6 7  3 4 9  2 5 1

6 2 4  5 3 1  8 7 9
3 7 9  6 2 8  5 1 4
5 8 1  7 9 4  3 2 6

2 9 8  4 7 3  1 6 5
7 3 6  2 1 5  9 4 8
1 4 5  9 8 6  7 3 2
Answer: 46
4 3 1  8 5 2  6 9 7
9 5 2  1 6 7  4 8 3
8 7 6  3 4 9  2 5 1

6 2 4  5 3 1  8 7 9
7 9 3  6 2 8  5 1 4
5 1 8  7 9 4  3 2 6

2 8 9  4 7 3  1 6 5
3 6 7  2 1 5  9 4 8
1 4 5  9 8 6  7 3 2
Answer: 47
4 1 3  8 5 2  6 9 7
9 5 2  1 6 7  4 8 3
8 7 6  3 4 9  2 5 1

6 2 4  5 3 1  8 7 9
7 3 9  6 2 8  5 1 4
5 8 1  7 9 4  3 2 6

2 9 8  4 7 3  1 6 5
3 6 7  2 1 5  9 4 8
1 4 5  9 8 6  7 3 2
Answer: 48
4 3 1  8 5 2  6 9 7
9 5 2  1 6 7  4 8 3
6 8 7  3 4 9  2 5 1

2 6 4  5 3 1  8 7 9
7 9 3  6 2 8  5 1 4
5 1 8  7 9 4  3 2 6

8 2 9  4 7 3  1 6 5
3 7 6  2 1 5  9 4 8
1 4 5  9 8 6  7 3 2
Answer: 49
4 3 1  8 5 2  6 9 7
9 5 2  1 6 7  4 8 3
8 6 7  3 4 9  2 5 1

6 2 4  5 3 1  8 7 9
7 9 3  6 2 8  5 1 4
5 1 8  7 9 4  3 2 6

2 8 9  4 7 3  1 6 5
3 7 6  2 1 5  9 4 8
1 4 5  9 8 6  7 3 2
Answer: 50
4 1 3  8 5 2  6 9 7
9 5 2  1 6 7  4 8 3
8 6 7  3 4 9  2 5 1

6 2 4  5 3 1  8 7 9
7 3 9  6 2 8  5 1 4
5 8 1  7 9 4  3 2 6

2 9 8  4 7 3  1 6 5
3 7 6  2 1 5  9 4 8
1 4 5  9 8 6  7 3 2
Answer: 51
4 3 1  8 5 2  6 9 7
2 5 9  1 6 7  4 8 3
7 8 6  3 4 9  2 5 1

6 2 4  5 3 1  8 7 9
9 7 3  6 2 8  5 1 4
5 1 8  7 9 4  3 2 6

8 9 2  4 7 3  1 6 5
3 6 7  2 1 5  9 4 8
1 4 5  9 8 6  7 3 2
Answer: 52
4 3 1  8 5 2  6 9 7
2 5 9  1 6 7  4 8 3
8 6 7  3 4 9  2 5 1

6 2 4  5 3 1  8 7 9
7 9 3  6 2 8  5 1 4
5 1 8  7 9 4  3 2 6

9 8 2  4 7 3  1 6 5
3 7 6  2 1 5  9 4 8
1 4 5  9 8 6  7 3 2
Answer: 53
4 3 1  8 5 2  6 9 7
2 5 9  1 6 7  4 8 3
8 7 6  3 4 9  2 5 1

6 2 4  5 3 1  8 7 9
7 9 3  6 2 8  5 1 4
5 1 8  7 9 4  3 2 6

9 8 2  4 7 3  1 6 5
3 6 7  2 1 5  9 4 8
1 4 5  9 8 6  7 3 2
Answer: 54
4 3 1  8 5 2  6 9 7
9 5 2  1 6 7  4 8 3
7 8 6  3 4 9  2 5 1

2 6 4  5 3 1  8 7 9
3 9 7  6 2 8  5 1 4
5 1 8  7 9 4  3 2 6

8 2 9  4 7 3  1 6 5
6 7 3  2 1 5  9 4 8
1 4 5  9 8 6  7 3 2
Answer: 55
4 3 1  8 5 2  6 9 7
9 5 2  1 6 7  4 8 3
8 7 6  3 4 9  2 5 1

6 2 4  5 3 1  8 7 9
3 9 7  6 2 8  5 1 4
5 1 8  7 9 4  3 2 6

2 8 9  4 7 3  1 6 5
7 6 3  2 1 5  9 4 8
1 4 5  9 8 6  7 3 2
Answer: 56
4 3 1  8 5 2  6 9 7
2 5 9  1 6 7  4 8 3
8 7 6  3 4 9  2 5 1

6 2 4  5 3 1  8 7 9
3 9 7  6 2 8  5 1 4
5 1 8  7 9 4  3 2 6

9 8 2  4 7 3  1 6 5
7 6 3  2 1 5  9 4 8
1 4 5  9 8 6  7 3 2
Answer: 57
4 1 3  8 5 2  6 9 7
9 5 2  1 6 7  4 8 3
6 7 8  3 4 9  2 5 1

2 6 4  5 3 1  8 7 9
3 9 7  6 2 8  5 1 4
5 8 1  7 9 4  3 2 6

8 2 9  4 7 3  1 6 5
7 3 6  2 1 5  9 4 8
1 4 5  9 8 6  7 3 2
Answer: 58
4 1 3  8 5 2  6 9 7
5 9 2  1 6 7  4 8 3
7 6 8  3 4 9  2 5 1

6 2 4  5 3 1  8 7 9
9 3 7  6 2 8  5 1 4
8 5 1  7 9 4  3 2 6

2 8 9  4 7 3  1 6 5
3 7 6  2 1 5  9 4 8
1 4 5  9 8 6  7 3 2
Answer: 59
4 1 3  8 5 2  6 9 7
5 2 9  1 6 7  4 8 3
6 7 8  3 4 9  2 5 1

2 6 4  5 3 1  8 7 9
3 9 7  6 2 8  5 1 4
8 5 1  7 9 4  3 2 6

9 8 2  4 7 3  1 6 5
7 3 6  2 1 5  9 4 8
1 4 5  9 8 6  7 3 2
Answer: 60
4 1 3  8 5 2  6 9 7
2 5 9  1 6 7  4 8 3
7 6 8  3 4 9  2 5 1

6 2 4  5 3 1  8 7 9
9 3 7  6 2 8  5 1 4
5 8 1  7 9 4  3 2 6

8 9 2  4 7 3  1 6 5
3 7 6  2 1 5  9 4 8
1 4 5  9 8 6  7 3 2
Answer: 61
3 1 4  8 5 2  6 9 7
9 5 2  1 6 7  4 8 3
8 6 7  3 4 9  2 5 1

4 2 6  5 3 1  8 7 9
7 3 9  6 2 8  5 1 4
5 8 1  7 9 4  3 2 6

2 9 8  4 7 3  1 6 5
6 7 3  2 1 5  9 4 8
1 4 5  9 8 6  7 3 2
Answer: 62
3 1 4  8 5 2  6 9 7
5 9 2  1 6 7  4 8 3
8 6 7  3 4 9  2 5 1

2 4 6  5 3 1  8 7 9
7 3 9  6 2 8  5 1 4
1 8 5  7 9 4  3 2 6

9 2 8  4 7 3  1 6 5
6 7 3  2 1 5  9 4 8
4 5 1  9 8 6  7 3 2
Answer: 63
3 1 4  8 5 2  6 9 7
2 9 5  1 6 7  4 8 3
8 6 7  3 4 9  2 5 1

4 2 6  5 3 1  8 7 9
7 3 9  6 2 8  5 1 4
1 5 8  7 9 4  3 2 6

9 8 2  4 7 3  1 6 5
6 7 3  2 1 5  9 4 8
5 4 1  9 8 6  7 3 2
Answer: 64
3 1 4  8 5 2  6 9 7
9 5 2  1 6 7  4 8 3
8 6 7  3 4 9  2 5 1

4 2 6  5 3 1  8 7 9
7 3 9  6 2 8  5 1 4
1 8 5  7 9 4  3 2 6

2 9 8  4 7 3  1 6 5
6 7 3  2 1 5  9 4 8
5 4 1  9 8 6  7 3 2
Answer: 65
3 4 1  8 5 2  6 9 7
2 9 5  1 6 7  4 8 3
8 6 7  3 4 9  2 5 1

4 2 6  5 3 1  8 7 9
7 3 9  6 2 8  5 1 4
5 1 8  7 9 4  3 2 6

9 8 2  4 7 3  1 6 5
6 7 3  2 1 5  9 4 8
1 5 4  9 8 6  7 3 2
Answer: 66
3 4 1  8 5 2  6 9 7
2 9 5  1 6 7  4 8 3
8 6 7  3 4 9  2 5 1

4 2 6  5 3 1  8 7 9
7 3 9  6 2 8  5 1 4
1 5 8  7 9 4  3 2 6

9 8 2  4 7 3  1 6 5
6 7 3  2 1 5  9 4 8
5 1 4  9 8 6  7 3 2
Answer: 67
3 4 1  8 5 2  6 9 7
9 5 2  1 6 7  4 8 3
8 6 7  3 4 9  2 5 1

4 2 6  5 3 1  8 7 9
7 3 9  6 2 8  5 1 4
1 8 5  7 9 4  3 2 6

2 9 8  4 7 3  1 6 5
6 7 3  2 1 5  9 4 8
5 1 4  9 8 6  7 3 2
Answer: 68
3 4 1  8 5 2  6 9 7
5 9 2  1 6 7  4 8 3
7 6 8  3 4 9  2 5 1

4 2 6  5 3 1  8 7 9
9 3 7  6 2 8  5 1 4
8 1 5  7 9 4  3 2 6

2 8 9  4 7 3  1 6 5
6 7 3  2 1 5  9 4 8
1 5 4  9 8 6  7 3 2
Answer: 69
3 4 1  8 5 2  6 9 7
5 9 2  1 6 7  4 8 3
6 7 8  3 4 9  2 5 1

4 2 6  5 3 1  8 7 9
9 3 7  6 2 8  5 1 4
8 1 5  7 9 4  3 2 6

2 8 9  4 7 3  1 6 5
7 6 3  2 1 5  9 4 8
1 5 4  9 8 6  7 3 2
Answer: 70
3 4 1  8 5 2  6 9 7
2 9 5  1 6 7  4 8 3
7 8 6  3 4 9  2 5 1

4 6 2  5 3 1  8 7 9
9 3 7  6 2 8  5 1 4
5 1 8  7 9 4  3 2 6

8 2 9  4 7 3  1 6 5
6 7 3  2 1 5  9 4 8
1 5 4  9 8 6  7 3 2
Answer: 71
3 4 1  8 5 2  6 9 7
5 2 9  1 6 7  4 8 3
7 8 6  3 4 9  2 5 1

4 6 2  5 3 1  8 7 9
9 3 7  6 2 8  5 1 4
8 1 5  7 9 4  3 2 6

2 9 8  4 7 3  1 6 5
6 7 3  2 1 5  9 4 8
1 5 4  9 8 6  7 3 2
Answer: 72
3 1 4  8 5 2  6 9 7
5 2 9  1 6 7  4 8 3
7 8 6  3 4 9  2 5 1

4 6 2  5 3 1  8 7 9
9 3 7  6 2 8  5 1 4
8 5 1  7 9 4  3 2 6

2 9 8  4 7 3  1 6 5
6 7 3  2 1 5  9 4 8
1 4 5  9 8 6  7 3 2
Answer: 73
3 1 4  8 5 2  6 9 7
5 9 2  1 6 7  4 8 3
7 6 8  3 4 9  2 5 1

4 2 6  5 3 1  8 7 9
9 3 7  6 2 8  5 1 4
8 5 1  7 9 4  3 2 6

2 8 9  4 7 3  1 6 5
6 7 3  2 1 5  9 4 8
1 4 5  9 8 6  7 3 2
Answer: 74
3 1 4  8 5 2  6 9 7
2 5 9  1 6 7  4 8 3
7 6 8  3 4 9  2 5 1

4 2 6  5 3 1  8 7 9
9 3 7  6 2 8  5 1 4
5 8 1  7 9 4  3 2 6

8 9 2  4 7 3  1 6 5
6 7 3  2 1 5  9 4 8
1 4 5  9 8 6  7 3 2
Answer: 75
3 1 4  8 5 2  6 9 7
5 9 2  1 6 7  4 8 3
6 7 8  3 4 9  2 5 1

4 2 6  5 3 1  8 7 9
9 3 7  6 2 8  5 1 4
8 5 1  7 9 4  3 2 6

2 8 9  4 7 3  1 6 5
7 6 3  2 1 5  9 4 8
1 4 5  9 8 6  7 3 2
Answer: 76
3 1 4  8 5 2  6 9 7
2 5 9  1 6 7  4 8 3
6 7 8  3 4 9  2 5 1

4 2 6  5 3 1  8 7 9
9 3 7  6 2 8  5 1 4
5 8 1  7 9 4  3 2 6

8 9 2  4 7 3  1 6 5
7 6 3  2 1 5  9 4 8
1 4 5  9 8 6  7 3 2
Answer: 77
3 4 1  8 5 2  6 9 7
5 9 2  1 6 7  4 8 3
7 8 6  3 4 9  2 5 1

2 6 4  5 3 1  8 7 9
9 3 7  6 2 8  5 1 4
1 5 8  7 9 4  3 2 6

8 2 9  4 7 3  1 6 5
6 7 3  2 1 5  9 4 8
4 1 5  9 8 6  7 3 2
Answer: 78
3 4 1  8 5 2  6 9 7
5 9 2  1 6 7  4 8 3
8 7 6  3 4 9  2 5 1

6 2 4  5 3 1  8 7 9
9 3 7  6 2 8  5 1 4
1 5 8  7 9 4  3 2 6

2 8 9  4 7 3  1 6 5
7 6 3  2 1 5  9 4 8
4 1 5  9 8 6  7 3 2
Answer: 79
3 1 4  8 5 2  6 9 7
5 9 2  1 6 7  4 8 3
6 7 8  3 4 9  2 5 1

2 4 6  5 3 1  8 7 9
9 3 7  6 2 8  5 1 4
1 8 5  7 9 4  3 2 6

8 2 9  4 7 3  1 6 5
7 6 3  2 1 5  9 4 8
4 5 1  9 8 6  7 3 2
Answer: 80
3 1 4  8 5 2  6 9 7
5 9 2  1 6 7  4 8 3
7 6 8  3 4 9  2 5 1

2 4 6  5 3 1  8 7 9
9 3 7  6 2 8  5 1 4
1 8 5  7 9 4  3 2 6

8 2 9  4 7 3  1 6 5
6 7 3  2 1 5  9 4 8
4 5 1  9 8 6  7 3 2
Answer: 81
3 1 4  8 5 2  6 9 7
5 2 9  1 6 7  4 8 3
8 7 6  3 4 9  2 5 1

6 4 2  5 3 1  8 7 9
9 3 7  6 2 8  5 1 4
1 8 5  7 9 4  3 2 6

2 9 8  4 7 3  1 6 5
7 6 3  2 1 5  9 4 8
4 5 1  9 8 6  7 3 2
Answer: 82
3 1 4  8 5 2  6 9 7
2 9 5  1 6 7  4 8 3
7 8 6  3 4 9  2 5 1

4 6 2  5 3 1  8 7 9
9 3 7  6 2 8  5 1 4
1 5 8  7 9 4  3 2 6

8 2 9  4 7 3  1 6 5
6 7 3  2 1 5  9 4 8
5 4 1  9 8 6  7 3 2
Answer: 83
3 4 1  8 5 2  6 9 7
2 9 5  1 6 7  4 8 3
7 8 6  3 4 9  2 5 1

4 6 2  5 3 1  8 7 9
9 3 7  6 2 8  5 1 4
1 5 8  7 9 4  3 2 6

8 2 9  4 7 3  1 6 5
6 7 3  2 1 5  9 4 8
5 1 4  9 8 6  7 3 2
Answer: 84
3 1 4  8 5 2  6 9 7
5 2 9  1 6 7  4 8 3
6 7 8  3 4 9  2 5 1

2 4 6  5 3 1  8 7 9
9 3 7  6 2 8  5 1 4
1 8 5  7 9 4  3 2 6

8 9 2  4 7 3  1 6 5
7 6 3  2 1 5  9 4 8
4 5 1  9 8 6  7 3 2
Answer: 85
3 1 4  8 5 2  6 9 7
2 5 9  1 6 7  4 8 3
6 7 8  3 4 9  2 5 1

4 2 6  5 3 1  8 7 9
9 3 7  6 2 8  5 1 4
1 8 5  7 9 4  3 2 6

8 9 2  4 7 3  1 6 5
7 6 3  2 1 5  9 4 8
5 4 1  9 8 6  7 3 2
Answer: 86
3 1 4  8 5 2  6 9 7
5 2 9  1 6 7  4 8 3
7 6 8  3 4 9  2 5 1

2 4 6  5 3 1  8 7 9
9 3 7  6 2 8  5 1 4
1 8 5  7 9 4  3 2 6

8 9 2  4 7 3  1 6 5
6 7 3  2 1 5  9 4 8
4 5 1  9 8 6  7 3 2
Answer: 87
3 1 4  8 5 2  6 9 7
2 5 9  1 6 7  4 8 3
7 6 8  3 4 9  2 5 1

4 2 6  5 3 1  8 7 9
9 3 7  6 2 8  5 1 4
1 8 5  7 9 4  3 2 6

8 9 2  4 7 3  1 6 5
6 7 3  2 1 5  9 4 8
5 4 1  9 8 6  7 3 2
Answer: 88
3 4 1  8 5 2  6 9 7
2 5 9  1 6 7  4 8 3
6 7 8  3 4 9  2 5 1

4 2 6  5 3 1  8 7 9
9 3 7  6 2 8  5 1 4
1 8 5  7 9 4  3 2 6

8 9 2  4 7 3  1 6 5
7 6 3  2 1 5  9 4 8
5 1 4  9 8 6  7 3 2
Answer: 89
3 4 1  8 5 2  6 9 7
2 5 9  1 6 7  4 8 3
7 6 8  3 4 9  2 5 1

4 2 6  5 3 1  8 7 9
9 3 7  6 2 8  5 1 4
1 8 5  7 9 4  3 2 6

8 9 2  4 7 3  1 6 5
6 7 3  2 1 5  9 4 8
5 1 4  9 8 6  7 3 2
Answer: 90
3 4 1  8 5 2  6 9 7
5 2 9  1 6 7  4 8 3
7 8 6  3 4 9  2 5 1

2 6 4  5 3 1  8 7 9
9 3 7  6 2 8  5 1 4
1 5 8  7 9 4  3 2 6

8 9 2  4 7 3  1 6 5
6 7 3  2 1 5  9 4 8
4 1 5  9 8 6  7 3 2
Answer: 91
3 4 1  8 5 2  6 9 7
2 9 5  1 6 7  4 8 3
7 8 6  3 4 9  2 5 1

4 6 2  5 3 1  8 7 9
9 7 3  6 2 8  5 1 4
1 5 8  7 9 4  3 2 6

8 2 9  4 7 3  1 6 5
6 3 7  2 1 5  9 4 8
5 1 4  9 8 6  7 3 2
Answer: 92
3 4 1  8 5 2  6 9 7
2 5 9  1 6 7  4 8 3
8 7 6  3 4 9  2 5 1

4 6 2  5 3 1  8 7 9
7 9 3  6 2 8  5 1 4
1 8 5  7 9 4  3 2 6

9 2 8  4 7 3  1 6 5
6 3 7  2 1 5  9 4 8
5 1 4  9 8 6  7 3 2
Answer: 93
3 4 1  8 5 2  6 9 7
2 9 5  1 6 7  4 8 3
6 8 7  3 4 9  2 5 1

4 6 2  5 3 1  8 7 9
9 7 3  6 2 8  5 1 4
1 5 8  7 9 4  3 2 6

8 2 9  4 7 3  1 6 5
7 3 6  2 1 5  9 4 8
5 1 4  9 8 6  7 3 2
Answer: 94
3 4 1  8 5 2  6 9 7
5 2 9  1 6 7  4 8 3
6 8 7  3 4 9  2 5 1

2 6 4  5 3 1  8 7 9
9 7 3  6 2 8  5 1 4
1 5 8  7 9 4  3 2 6

8 9 2  4 7 3  1 6 5
7 3 6  2 1 5  9 4 8
4 1 5  9 8 6  7 3 2
Answer: 95
3 4 1  8 5 2  6 9 7
5 2 9  1 6 7  4 8 3
7 8 6  3 4 9  2 5 1

2 6 4  5 3 1  8 7 9
9 7 3  6 2 8  5 1 4
1 5 8  7 9 4  3 2 6

8 9 2  4 7 3  1 6 5
6 3 7  2 1 5  9 4 8
4 1 5  9 8 6  7 3 2
Answer: 96
3 4 1  8 5 2  6 9 7
2 5 9  1 6 7  4 8 3
7 6 8  3 4 9  2 5 1

4 2 6  5 3 1  8 7 9
9 7 3  6 2 8  5 1 4
1 8 5  7 9 4  3 2 6

8 9 2  4 7 3  1 6 5
6 3 7  2 1 5  9 4 8
5 1 4  9 8 6  7 3 2
Answer: 97
3 4 1  8 5 2  6 9 7
5 9 2  1 6 7  4 8 3
6 8 7  3 4 9  2 5 1

2 6 4  5 3 1  8 7 9
9 7 3  6 2 8  5 1 4
1 5 8  7 9 4  3 2 6

8 2 9  4 7 3  1 6 5
7 3 6  2 1 5  9 4 8
4 1 5  9 8 6  7 3 2
Answer: 98
3 4 1  8 5 2  6 9 7
5 9 2  1 6 7  4 8 3
7 8 6  3 4 9  2 5 1

2 6 4  5 3 1  8 7 9
9 7 3  6 2 8  5 1 4
1 5 8  7 9 4  3 2 6

8 2 9  4 7 3  1 6 5
6 3 7  2 1 5  9 4 8
4 1 5  9 8 6  7 3 2
Answer: 99
3 4 1  8 5 2  6 9 7
5 9 2  1 6 7  4 8 3
8 6 7  3 4 9  2 5 1

6 2 4  5 3 1  8 7 9
9 7 3  6 2 8  5 1 4
1 5 8  7 9 4  3 2 6

2 8 9  4 7 3  1 6 5
7 3 6  2 1 5  9 4 8
4 1 5  9 8 6  7 3 2
Answer: 100
3 4 1  8 5 2  6 9 7
9 2 5  1 6 7  4 8 3
8 7 6  3 4 9  2 5 1

4 6 2  5 3 1  8 7 9
7 9 3  6 2 8  5 1 4
1 5 8  7 9 4  3 2 6

2 8 9  4 7 3  1 6 5
6 3 7  2 1 5  9 4 8
5 1 4  9 8 6  7 3 2
Answer: 101
3 4 1  8 5 2  6 9 7
5 2 9  1 6 7  4 8 3
8 7 6  3 4 9  2 5 1

2 6 4  5 3 1  8 7 9
7 9 3  6 2 8  5 1 4
1 5 8  7 9 4  3 2 6

9 8 2  4 7 3  1 6 5
6 3 7  2 1 5  9 4 8
4 1 5  9 8 6  7 3 2
Answer: 102
3 4 1  8 5 2  6 9 7
2 9 5  1 6 7  4 8 3
6 8 7  3 4 9  2 5 1

4 6 2  5 3 1  8 7 9
9 7 3  6 2 8  5 1 4
5 1 8  7 9 4  3 2 6

8 2 9  4 7 3  1 6 5
7 3 6  2 1 5  9 4 8
1 5 4  9 8 6  7 3 2
Answer: 103
3 4 1  8 5 2  6 9 7
5 2 9  1 6 7  4 8 3
6 8 7  3 4 9  2 5 1

4 6 2  5 3 1  8 7 9
9 7 3  6 2 8  5 1 4
8 1 5  7 9 4  3 2 6

2 9 8  4 7 3  1 6 5
7 3 6  2 1 5  9 4 8
1 5 4  9 8 6  7 3 2
Answer: 104
3 4 1  8 5 2  6 9 7
5 9 2  1 6 7  4 8 3
7 6 8  3 4 9  2 5 1

4 2 6  5 3 1  8 7 9
9 7 3  6 2 8  5 1 4
8 1 5  7 9 4  3 2 6

2 8 9  4 7 3  1 6 5
6 3 7  2 1 5  9 4 8
1 5 4  9 8 6  7 3 2
Answer: 105
3 4 1  8 5 2  6 9 7
2 9 5  1 6 7  4 8 3
7 8 6  3 4 9  2 5 1

4 6 2  5 3 1  8 7 9
9 7 3  6 2 8  5 1 4
5 1 8  7 9 4  3 2 6

8 2 9  4 7 3  1 6 5
6 3 7  2 1 5  9 4 8
1 5 4  9 8 6  7 3 2
Answer: 106
3 4 1  8 5 2  6 9 7
9 2 5  1 6 7  4 8 3
8 7 6  3 4 9  2 5 1

4 6 2  5 3 1  8 7 9
7 9 3  6 2 8  5 1 4
5 1 8  7 9 4  3 2 6

2 8 9  4 7 3  1 6 5
6 3 7  2 1 5  9 4 8
1 5 4  9 8 6  7 3 2
Answer: 107
3 4 1  8 5 2  6 9 7
5 2 9  1 6 7  4 8 3
7 8 6  3 4 9  2 5 1

4 6 2  5 3 1  8 7 9
9 7 3  6 2 8  5 1 4
8 1 5  7 9 4  3 2 6

2 9 8  4 7 3  1 6 5
6 3 7  2 1 5  9 4 8
1 5 4  9 8 6  7 3 2
Answer: 108
3 1 4  8 5 2  6 9 7
5 2 9  1 6 7  4 8 3
6 8 7  3 4 9  2 5 1

4 6 2  5 3 1  8 7 9
9 7 3  6 2 8  5 1 4
8 5 1  7 9 4  3 2 6

2 9 8  4 7 3  1 6 5
7 3 6  2 1 5  9 4 8
1 4 5  9 8 6  7 3 2
Answer: 109
3 1 4  8 5 2  6 9 7
5 2 9  1 6 7  4 8 3
7 8 6  3 4 9  2 5 1

4 6 2  5 3 1  8 7 9
9 7 3  6 2 8  5 1 4
8 5 1  7 9 4  3 2 6

2 9 8  4 7 3  1 6 5
6 3 7  2 1 5  9 4 8
1 4 5  9 8 6  7 3 2
Answer: 110
3 1 4  8 5 2  6 9 7
2 5 9  1 6 7  4 8 3
8 7 6  3 4 9  2 5 1

4 6 2  5 3 1  8 7 9
7 9 3  6 2 8  5 1 4
5 8 1  7 9 4  3 2 6

9 2 8  4 7 3  1 6 5
6 3 7  2 1 5  9 4 8
1 4 5  9 8 6  7 3 2
Answer: 111
3 1 4  8 5 2  6 9 7
2 5 9  1 6 7  4 8 3
7 6 8  3 4 9  2 5 1

4 2 6  5 3 1  8 7 9
9 7 3  6 2 8  5 1 4
5 8 1  7 9 4  3 2 6

8 9 2  4 7 3  1 6 5
6 3 7  2 1 5  9 4 8
1 4 5  9 8 6  7 3 2
Answer: 112
3 1 4  8 5 2  6 9 7
2 9 5  1 6 7  4 8 3
7 8 6  3 4 9  2 5 1

4 6 2  5 3 1  8 7 9
9 7 3  6 2 8  5 1 4
1 5 8  7 9 4  3 2 6

8 2 9  4 7 3  1 6 5
6 3 7  2 1 5  9 4 8
5 4 1  9 8 6  7 3 2
Answer: 113
3 1 4  8 5 2  6 9 7
2 9 5  1 6 7  4 8 3
6 8 7  3 4 9  2 5 1

4 6 2  5 3 1  8 7 9
9 7 3  6 2 8  5 1 4
1 5 8  7 9 4  3 2 6

8 2 9  4 7 3  1 6 5
7 3 6  2 1 5  9 4 8
5 4 1  9 8 6  7 3 2
Answer: 114
3 1 4  8 5 2  6 9 7
2 5 9  1 6 7  4 8 3
8 7 6  3 4 9  2 5 1

4 6 2  5 3 1  8 7 9
7 9 3  6 2 8  5 1 4
1 8 5  7 9 4  3 2 6

9 2 8  4 7 3  1 6 5
6 3 7  2 1 5  9 4 8
5 4 1  9 8 6  7 3 2
Answer: 115
3 1 4  8 5 2  6 9 7
5 9 2  1 6 7  4 8 3
7 6 8  3 4 9  2 5 1

2 4 6  5 3 1  8 7 9
9 7 3  6 2 8  5 1 4
1 8 5  7 9 4  3 2 6

8 2 9  4 7 3  1 6 5
6 3 7  2 1 5  9 4 8
4 5 1  9 8 6  7 3 2
Answer: 116
3 1 4  8 5 2  6 9 7
5 2 9  1 6 7  4 8 3
7 6 8  3 4 9  2 5 1

2 4 6  5 3 1  8 7 9
9 7 3  6 2 8  5 1 4
1 8 5  7 9 4  3 2 6

8 9 2  4 7 3  1 6 5
6 3 7  2 1 5  9 4 8
4 5 1  9 8 6  7 3 2
Answer: 117
3 1 4  8 5 2  6 9 7
2 5 9  1 6 7  4 8 3
7 6 8  3 4 9  2 5 1

4 2 6  5 3 1  8 7 9
9 7 3  6 2 8  5 1 4
1 8 5  7 9 4  3 2 6

8 9 2  4 7 3  1 6 5
6 3 7  2 1 5  9 4 8
5 4 1  9 8 6  7 3 2
Answer: 118
3 1 4  8 5 2  6 9 7
5 2 9  1 6 7  4 8 3
8 6 7  3 4 9  2 5 1

6 4 2  5 3 1  8 7 9
9 7 3  6 2 8  5 1 4
1 8 5  7 9 4  3 2 6

2 9 8  4 7 3  1 6 5
7 3 6  2 1 5  9 4 8
4 5 1  9 8 6  7 3 2
Answer: 119
3 1 4  8 5 2  6 9 7
9 2 5  1 6 7  4 8 3
8 7 6  3 4 9  2 5 1

4 6 2  5 3 1  8 7 9
7 9 3  6 2 8  5 1 4
1 5 8  7 9 4  3 2 6

2 8 9  4 7 3  1 6 5
6 3 7  2 1 5  9 4 8
5 4 1  9 8 6  7 3 2
Answer: 120
3 1 4  8 5 2  6 9 7
5 9 2  1 6 7  4 8 3
7 6 8  3 4 9  2 5 1

4 2 6  5 3 1  8 7 9
9 7 3  6 2 8  5 1 4
8 5 1  7 9 4  3 2 6

2 8 9  4 7 3  1 6 5
6 3 7  2 1 5  9 4 8
1 4 5  9 8 6  7 3 2
Answer: 121
1 3 4  8 5 2  6 9 7
2 5 9  1 6 7  4 8 3
7 8 6  3 4 9  2 5 1

4 6 2  5 3 1  8 7 9
3 9 7  6 2 8  5 1 4
8 1 5  7 9 4  3 2 6

9 2 8  4 7 3  1 6 5
6 7 3  2 1 5  9 4 8
5 4 1  9 8 6  7 3 2
Answer: 122
1 3 4  8 5 2  6 9 7
5 2 9  1 6 7  4 8 3
7 8 6  3 4 9  2 5 1

6 4 2  5 3 1  8 7 9
9 7 3  6 2 8  5 1 4
8 5 1  7 9 4  3 2 6

2 9 8  4 7 3  1 6 5
3 6 7  2 1 5  9 4 8
4 1 5  9 8 6  7 3 2
Answer: 123
1 3 4  8 5 2  6 9 7
2 9 5  1 6 7  4 8 3
7 8 6  3 4 9  2 5 1

6 4 2  5 3 1  8 7 9
9 7 3  6 2 8  5 1 4
5 1 8  7 9 4  3 2 6

8 2 9  4 7 3  1 6 5
3 6 7  2 1 5  9 4 8
4 5 1  9 8 6  7 3 2
Answer: 124
1 3 4  8 5 2  6 9 7
5 2 9  1 6 7  4 8 3
7 8 6  3 4 9  2 5 1

6 4 2  5 3 1  8 7 9
9 7 3  6 2 8  5 1 4
8 1 5  7 9 4  3 2 6

2 9 8  4 7 3  1 6 5
3 6 7  2 1 5  9 4 8
4 5 1  9 8 6  7 3 2
Answer: 125
1 4 3  8 5 2  6 9 7
9 2 5  1 6 7  4 8 3
7 8 6  3 4 9  2 5 1

4 6 2  5 3 1  8 7 9
3 7 9  6 2 8  5 1 4
8 5 1  7 9 4  3 2 6

2 9 8  4 7 3  1 6 5
6 3 7  2 1 5  9 4 8
5 1 4  9 8 6  7 3 2
Answer: 126
1 4 3  8 5 2  6 9 7
9 2 5  1 6 7  4 8 3
7 8 6  3 4 9  2 5 1

2 6 4  5 3 1  8 7 9
3 7 9  6 2 8  5 1 4
5 1 8  7 9 4  3 2 6

8 9 2  4 7 3  1 6 5
6 3 7  2 1 5  9 4 8
4 5 1  9 8 6  7 3 2
Answer: 127
1 4 3  8 5 2  6 9 7
2 9 5  1 6 7  4 8 3
7 8 6  3 4 9  2 5 1

4 6 2  5 3 1  8 7 9
3 7 9  6 2 8  5 1 4
8 5 1  7 9 4  3 2 6

9 2 8  4 7 3  1 6 5
6 3 7  2 1 5  9 4 8
5 1 4  9 8 6  7 3 2
Answer: 128
1 4 3  8 5 2  6 9 7
5 9 2  1 6 7  4 8 3
7 8 6  3 4 9  2 5 1

2 6 4  5 3 1  8 7 9
3 7 9  6 2 8  5 1 4
8 1 5  7 9 4  3 2 6

9 2 8  4 7 3  1 6 5
6 3 7  2 1 5  9 4 8
4 5 1  9 8 6  7 3 2
Answer: 129
1 4 3  8 5 2  6 9 7
5 9 2  1 6 7  4 8 3
7 8 6  3 4 9  2 5 1

2 6 4  5 3 1  8 7 9
3 7 9  6 2 8  5 1 4
8 5 1  7 9 4  3 2 6

9 2 8  4 7 3  1 6 5
6 3 7  2 1 5  9 4 8
4 1 5  9 8 6  7 3 2
Answer: 130
1 3 4  8 5 2  6 9 7
2 5 9  1 6 7  4 8 3
8 7 6  3 4 9  2 5 1

6 4 2  5 3 1  8 7 9
3 9 7  6 2 8  5 1 4
5 8 1  7 9 4  3 2 6

9 2 8  4 7 3  1 6 5
7 6 3  2 1 5  9 4 8
4 1 5  9 8 6  7 3 2
Answer: 131
1 3 4  8 5 2  6 9 7
9 2 5  1 6 7  4 8 3
8 7 6  3 4 9  2 5 1

6 4 2  5 3 1  8 7 9
3 9 7  6 2 8  5 1 4
5 1 8  7 9 4  3 2 6

2 8 9  4 7 3  1 6 5
7 6 3  2 1 5  9 4 8
4 5 1  9 8 6  7 3 2
Answer: 132
1 3 4  8 5 2  6 9 7
2 5 9  1 6 7  4 8 3
8 7 6  3 4 9  2 5 1

6 4 2  5 3 1  8 7 9
7 9 3  6 2 8  5 1 4
5 8 1  7 9 4  3 2 6

9 2 8  4 7 3  1 6 5
3 6 7  2 1 5  9 4 8
4 1 5  9 8 6  7 3 2
Answer: 133
1 4 3  8 5 2  6 9 7
9 5 2  1 6 7  4 8 3
8 7 6  3 4 9  2 5 1

6 2 4  5 3 1  8 7 9
7 3 9  6 2 8  5 1 4
5 8 1  7 9 4  3 2 6

2 9 8  4 7 3  1 6 5
3 6 7  2 1 5  9 4 8
4 1 5  9 8 6  7 3 2
Answer: 134
1 3 4  8 5 2  6 9 7
9 2 5  1 6 7  4 8 3
8 7 6  3 4 9  2 5 1

6 4 2  5 3 1  8 7 9
7 9 3  6 2 8  5 1 4
5 1 8  7 9 4  3 2 6

2 8 9  4 7 3  1 6 5
3 6 7  2 1 5  9 4 8
4 5 1  9 8 6  7 3 2
Answer: 135
1 4 3  8 5 2  6 9 7
2 9 5  1 6 7  4 8 3
8 7 6  3 4 9  2 5 1

6 2 4  5 3 1  8 7 9
7 3 9  6 2 8  5 1 4
5 1 8  7 9 4  3 2 6

9 8 2  4 7 3  1 6 5
3 6 7  2 1 5  9 4 8
4 5 1  9 8 6  7 3 2
Answer: 136
1 3 4  8 5 2  6 9 7
5 2 9  1 6 7  4 8 3
6 7 8  3 4 9  2 5 1

2 4 6  5 3 1  8 7 9
3 9 7  6 2 8  5 1 4
8 5 1  7 9 4  3 2 6

9 8 2  4 7 3  1 6 5
7 6 3  2 1 5  9 4 8
4 1 5  9 8 6  7 3 2
Answer: 137
1 3 4  8 5 2  6 9 7
9 5 2  1 6 7  4 8 3
6 7 8  3 4 9  2 5 1

2 4 6  5 3 1  8 7 9
3 9 7  6 2 8  5 1 4
5 8 1  7 9 4  3 2 6

8 2 9  4 7 3  1 6 5
7 6 3  2 1 5  9 4 8
4 1 5  9 8 6  7 3 2
Answer: 138
1 3 4  8 5 2  6 9 7
5 2 9  1 6 7  4 8 3
6 7 8  3 4 9  2 5 1

2 4 6  5 3 1  8 7 9
3 9 7  6 2 8  5 1 4
8 1 5  7 9 4  3 2 6

9 8 2  4 7 3  1 6 5
7 6 3  2 1 5  9 4 8
4 5 1  9 8 6  7 3 2
Answer: 139
1 3 4  8 5 2  6 9 7
2 5 9  1 6 7  4 8 3
6 7 8  3 4 9  2 5 1

4 2 6  5 3 1  8 7 9
3 9 7  6 2 8  5 1 4
8 1 5  7 9 4  3 2 6

9 8 2  4 7 3  1 6 5
7 6 3  2 1 5  9 4 8
5 4 1  9 8 6  7 3 2
Answer: 140
1 3 4  8 5 2  6 9 7
9 5 2  1 6 7  4 8 3
6 7 8  3 4 9  2 5 1

4 2 6  5 3 1  8 7 9
3 9 7  6 2 8  5 1 4
8 1 5  7 9 4  3 2 6

2 8 9  4 7 3  1 6 5
7 6 3  2 1 5  9 4 8
5 4 1  9 8 6  7 3 2
Answer: 141
1 3 4  8 5 2  6 9 7
5 2 9  1 6 7  4 8 3
6 7 8  3 4 9  2 5 1

2 4 6  5 3 1  8 7 9
7 9 3  6 2 8  5 1 4
8 5 1  7 9 4  3 2 6

9 8 2  4 7 3  1 6 5
3 6 7  2 1 5  9 4 8
4 1 5  9 8 6  7 3 2
Answer: 142
1 4 3  8 5 2  6 9 7
2 9 5  1 6 7  4 8 3
6 7 8  3 4 9  2 5 1

4 2 6  5 3 1  8 7 9
7 3 9  6 2 8  5 1 4
8 5 1  7 9 4  3 2 6

9 8 2  4 7 3  1 6 5
3 6 7  2 1 5  9 4 8
5 1 4  9 8 6  7 3 2
Answer: 143
1 3 4  8 5 2  6 9 7
5 2 9  1 6 7  4 8 3
6 7 8  3 4 9  2 5 1

2 4 6  5 3 1  8 7 9
7 9 3  6 2 8  5 1 4
8 1 5  7 9 4  3 2 6

9 8 2  4 7 3  1 6 5
3 6 7  2 1 5  9 4 8
4 5 1  9 8 6  7 3 2
Answer: 144
1 3 4  8 5 2  6 9 7
2 5 9  1 6 7  4 8 3
6 7 8  3 4 9  2 5 1

4 2 6  5 3 1  8 7 9
7 9 3  6 2 8  5 1 4
8 1 5  7 9 4  3 2 6

9 8 2  4 7 3  1 6 5
3 6 7  2 1 5  9 4 8
5 4 1  9 8 6  7 3 2
Answer: 145
1 3 4  8 5 2  6 9 7
9 5 2  1 6 7  4 8 3
6 7 8  3 4 9  2 5 1

4 2 6  5 3 1  8 7 9
7 9 3  6 2 8  5 1 4
8 1 5  7 9 4  3 2 6

2 8 9  4 7 3  1 6 5
3 6 7  2 1 5  9 4 8
5 4 1  9 8 6  7 3 2
Answer: 146
1 3 4  8 5 2  6 9 7
9 5 2  1 6 7  4 8 3
6 7 8  3 4 9  2 5 1

2 4 6  5 3 1  8 7 9
7 9 3  6 2 8  5 1 4
5 8 1  7 9 4  3 2 6

8 2 9  4 7 3  1 6 5
3 6 7  2 1 5  9 4 8
4 1 5  9 8 6  7 3 2
Answer: 147
1 4 3  8 5 2  6 9 7
9 2 5  1 6 7  4 8 3
6 7 8  3 4 9  2 5 1

4 6 2  5 3 1  8 7 9
3 9 7  6 2 8  5 1 4
8 5 1  7 9 4  3 2 6

2 8 9  4 7 3  1 6 5
7 3 6  2 1 5  9 4 8
5 1 4  9 8 6  7 3 2
Answer: 148
1 4 3  8 5 2  6 9 7
5 2 9  1 6 7  4 8 3
6 7 8  3 4 9  2 5 1

2 6 4  5 3 1  8 7 9
3 9 7  6 2 8  5 1 4
8 1 5  7 9 4  3 2 6

9 8 2  4 7 3  1 6 5
7 3 6  2 1 5  9 4 8
4 5 1  9 8 6  7 3 2
Answer: 149
1 4 3  8 5 2  6 9 7
9 5 2  1 6 7  4 8 3
6 7 8  3 4 9  2 5 1

2 6 4  5 3 1  8 7 9
3 9 7  6 2 8  5 1 4
5 8 1  7 9 4  3 2 6

8 2 9  4 7 3  1 6 5
7 3 6  2 1 5  9 4 8
4 1 5  9 8 6  7 3 2
Answer: 150
1 4 3  8 5 2  6 9 7
5 2 9  1 6 7  4 8 3
6 7 8  3 4 9  2 5 1

2 6 4  5 3 1  8 7 9
3 9 7  6 2 8  5 1 4
8 5 1  7 9 4  3 2 6

9 8 2  4 7 3  1 6 5
7 3 6  2 1 5  9 4 8
4 1 5  9 8 6  7 3 2
Answer: 151
1 3 4  8 5 2  6 9 7
5 9 2  1 6 7  4 8 3
6 8 7  3 4 9  2 5 1

2 4 6  5 3 1  8 7 9
3 7 9  6 2 8  5 1 4
8 5 1  7 9 4  3 2 6

9 2 8  4 7 3  1 6 5
7 6 3  2 1 5  9 4 8
4 1 5  9 8 6  7 3 2
Answer: 152
1 3 4  8 5 2  6 9 7
9 5 2  1 6 7  4 8 3
6 8 7  3 4 9  2 5 1

4 2 6  5 3 1  8 7 9
3 7 9  6 2 8  5 1 4
8 1 5  7 9 4  3 2 6

2 9 8  4 7 3  1 6 5
7 6 3  2 1 5  9 4 8
5 4 1  9 8 6  7 3 2
Answer: 153
1 3 4  8 5 2  6 9 7
9 2 5  1 6 7  4 8 3
6 8 7  3 4 9  2 5 1

2 4 6  5 3 1  8 7 9
3 7 9  6 2 8  5 1 4
5 1 8  7 9 4  3 2 6

8 9 2  4 7 3  1 6 5
7 6 3  2 1 5  9 4 8
4 5 1  9 8 6  7 3 2
Answer: 154
1 3 4  8 5 2  6 9 7
5 9 2  1 6 7  4 8 3
6 8 7  3 4 9  2 5 1

2 4 6  5 3 1  8 7 9
3 7 9  6 2 8  5 1 4
8 1 5  7 9 4  3 2 6

9 2 8  4 7 3  1 6 5
7 6 3  2 1 5  9 4 8
4 5 1  9 8 6  7 3 2
Answer: 155
1 4 3  8 5 2  6 9 7
5 9 2  1 6 7  4 8 3
6 8 7  3 4 9  2 5 1

2 6 4  5 3 1  8 7 9
3 7 9  6 2 8  5 1 4
8 5 1  7 9 4  3 2 6

9 2 8  4 7 3  1 6 5
7 3 6  2 1 5  9 4 8
4 1 5  9 8 6  7 3 2
Answer: 156
1 4 3  8 5 2  6 9 7
2 9 5  1 6 7  4 8 3
6 8 7  3 4 9  2 5 1

4 6 2  5 3 1  8 7 9
3 7 9  6 2 8  5 1 4
8 5 1  7 9 4  3 2 6

9 2 8  4 7 3  1 6 5
7 3 6  2 1 5  9 4 8
5 1 4  9 8 6  7 3 2
Answer: 157
1 4 3  8 5 2  6 9 7
9 2 5  1 6 7  4 8 3
6 8 7  3 4 9  2 5 1

4 6 2  5 3 1  8 7 9
3 7 9  6 2 8  5 1 4
8 5 1  7 9 4  3 2 6

2 9 8  4 7 3  1 6 5
7 3 6  2 1 5  9 4 8
5 1 4  9 8 6  7 3 2
Answer: 158
1 4 3  8 5 2  6 9 7
5 9 2  1 6 7  4 8 3
6 8 7  3 4 9  2 5 1

2 6 4  5 3 1  8 7 9
7 3 9  6 2 8  5 1 4
8 5 1  7 9 4  3 2 6

9 2 8  4 7 3  1 6 5
3 7 6  2 1 5  9 4 8
4 1 5  9 8 6  7 3 2
Answer: 159
1 4 3  8 5 2  6 9 7
2 9 5  1 6 7  4 8 3
6 8 7  3 4 9  2 5 1

4 6 2  5 3 1  8 7 9
7 3 9  6 2 8  5 1 4
8 5 1  7 9 4  3 2 6

9 2 8  4 7 3  1 6 5
3 7 6  2 1 5  9 4 8
5 1 4  9 8 6  7 3 2
Answer: 160
1 4 3  8 5 2  6 9 7
9 2 5  1 6 7  4 8 3
6 8 7  3 4 9  2 5 1

4 6 2  5 3 1  8 7 9
7 3 9  6 2 8  5 1 4
8 5 1  7 9 4  3 2 6

2 9 8  4 7 3  1 6 5
3 7 6  2 1 5  9 4 8
5 1 4  9 8 6  7 3 2
Answer: 161
1 4 3  8 5 2  6 9 7
5 9 2  1 6 7  4 8 3
6 8 7  3 4 9  2 5 1

2 6 4  5 3 1  8 7 9
3 7 9  6 2 8  5 1 4
8 1 5  7 9 4  3 2 6

9 2 8  4 7 3  1 6 5
7 3 6  2 1 5  9 4 8
4 5 1  9 8 6  7 3 2
Answer: 162
1 4 3  8 5 2  6 9 7
5 9 2  1 6 7  4 8 3
6 8 7  3 4 9  2 5 1

2 6 4  5 3 1  8 7 9
7 3 9  6 2 8  5 1 4
8 1 5  7 9 4  3 2 6

9 2 8  4 7 3  1 6 5
3 7 6  2 1 5  9 4 8
4 5 1  9 8 6  7 3 2
Answer: 163
1 4 3  8 5 2  6 9 7
9 2 5  1 6 7  4 8 3
6 8 7  3 4 9  2 5 1

2 6 4  5 3 1  8 7 9
3 7 9  6 2 8  5 1 4
5 1 8  7 9 4  3 2 6

8 9 2  4 7 3  1 6 5
7 3 6  2 1 5  9 4 8
4 5 1  9 8 6  7 3 2
Answer: 164
1 4 3  8 5 2  6 9 7
9 2 5  1 6 7  4 8 3
6 8 7  3 4 9  2 5 1

2 6 4  5 3 1  8 7 9
7 3 9  6 2 8  5 1 4
5 1 8  7 9 4  3 2 6

8 9 2  4 7 3  1 6 5
3 7 6  2 1 5  9 4 8
4 5 1  9 8 6  7 3 2
Answer: 165
1 3 4  8 5 2  6 9 7
2 5 9  1 6 7  4 8 3
6 8 7  3 4 9  2 5 1

4 6 2  5 3 1  8 7 9
7 9 3  6 2 8  5 1 4
8 1 5  7 9 4  3 2 6

9 2 8  4 7 3  1 6 5
3 7 6  2 1 5  9 4 8
5 4 1  9 8 6  7 3 2
Answer: 166
1 4 3  8 5 2  6 9 7
5 9 2  1 6 7  4 8 3
7 6 8  3 4 9  2 5 1

6 2 4  5 3 1  8 7 9
9 3 7  6 2 8  5 1 4
8 5 1  7 9 4  3 2 6

2 8 9  4 7 3  1 6 5
3 7 6  2 1 5  9 4 8
4 1 5  9 8 6  7 3 2
Answer: 167
1 4 3  8 5 2  6 9 7
5 9 2  1 6 7  4 8 3
7 6 8  3 4 9  2 5 1

6 2 4  5 3 1  8 7 9
9 3 7  6 2 8  5 1 4
8 1 5  7 9 4  3 2 6

2 8 9  4 7 3  1 6 5
3 7 6  2 1 5  9 4 8
4 5 1  9 8 6  7 3 2
Answer: 168
1 4 3  8 5 2  6 9 7
2 5 9  1 6 7  4 8 3
7 6 8  3 4 9  2 5 1

6 2 4  5 3 1  8 7 9
9 3 7  6 2 8  5 1 4
5 8 1  7 9 4  3 2 6

8 9 2  4 7 3  1 6 5
3 7 6  2 1 5  9 4 8
4 1 5  9 8 6  7 3 2
Answer: 169
1 4 3  8 5 2  6 9 7
2 9 5  1 6 7  4 8 3
8 6 7  3 4 9  2 5 1

6 2 4  5 3 1  8 7 9
3 7 9  6 2 8  5 1 4
5 1 8  7 9 4  3 2 6

9 8 2  4 7 3  1 6 5
7 3 6  2 1 5  9 4 8
4 5 1  9 8 6  7 3 2
Answer: 170
1 4 3  8 5 2  6 9 7
2 9 5  1 6 7  4 8 3
8 6 7  3 4 9  2 5 1

6 2 4  5 3 1  8 7 9
7 3 9  6 2 8  5 1 4
5 1 8  7 9 4  3 2 6

9 8 2  4 7 3  1 6 5
3 7 6  2 1 5  9 4 8
4 5 1  9 8 6  7 3 2
Answer: 171
1 3 4  8 5 2  6 9 7
2 5 9  1 6 7  4 8 3
8 6 7  3 4 9  2 5 1

6 4 2  5 3 1  8 7 9
7 9 3  6 2 8  5 1 4
5 8 1  7 9 4  3 2 6

9 2 8  4 7 3  1 6 5
3 7 6  2 1 5  9 4 8
4 1 5  9 8 6  7 3 2
Answer: 172
1 3 4  8 5 2  6 9 7
9 2 5  1 6 7  4 8 3
8 6 7  3 4 9  2 5 1

6 4 2  5 3 1  8 7 9
7 9 3  6 2 8  5 1 4
5 1 8  7 9 4  3 2 6

2 8 9  4 7 3  1 6 5
3 7 6  2 1 5  9 4 8
4 5 1  9 8 6  7 3 2
Answer: 173
1 4 3  8 5 2  6 9 7
9 5 2  1 6 7  4 8 3
8 6 7  3 4 9  2 5 1

6 2 4  5 3 1  8 7 9
3 7 9  6 2 8  5 1 4
5 8 1  7 9 4  3 2 6

2 9 8  4 7 3  1 6 5
7 3 6  2 1 5  9 4 8
4 1 5  9 8 6  7 3 2
Answer: 174
1 4 3  8 5 2  6 9 7
9 5 2  1 6 7  4 8 3
8 6 7  3 4 9  2 5 1

6 2 4  5 3 1  8 7 9
7 3 9  6 2 8  5 1 4
5 8 1  7 9 4  3 2 6

2 9 8  4 7 3  1 6 5
3 7 6  2 1 5  9 4 8
4 1 5  9 8 6  7 3 2
Answer: 175
1 3 4  8 5 2  6 9 7
9 5 2  1 6 7  4 8 3
7 6 8  3 4 9  2 5 1

2 4 6  5 3 1  8 7 9
3 9 7  6 2 8  5 1 4
5 8 1  7 9 4  3 2 6

8 2 9  4 7 3  1 6 5
6 7 3  2 1 5  9 4 8
4 1 5  9 8 6  7 3 2
Answer: 176
1 3 4  8 5 2  6 9 7
9 5 2  1 6 7  4 8 3
7 6 8  3 4 9  2 5 1

4 2 6  5 3 1  8 7 9
3 9 7  6 2 8  5 1 4
8 1 5  7 9 4  3 2 6

2 8 9  4 7 3  1 6 5
6 7 3  2 1 5  9 4 8
5 4 1  9 8 6  7 3 2
Answer: 177
1 3 4  8 5 2  6 9 7
5 2 9  1 6 7  4 8 3
7 6 8  3 4 9  2 5 1

2 4 6  5 3 1  8 7 9
3 9 7  6 2 8  5 1 4
8 1 5  7 9 4  3 2 6

9 8 2  4 7 3  1 6 5
6 7 3  2 1 5  9 4 8
4 5 1  9 8 6  7 3 2
Answer: 178
1 3 4  8 5 2  6 9 7
5 2 9  1 6 7  4 8 3
7 6 8  3 4 9  2 5 1

2 4 6  5 3 1  8 7 9
3 9 7  6 2 8  5 1 4
8 5 1  7 9 4  3 2 6

9 8 2  4 7 3  1 6 5
6 7 3  2 1 5  9 4 8
4 1 5  9 8 6  7 3 2
Answer: 179
1 3 4  8 5 2  6 9 7
2 5 9  1 6 7  4 8 3
7 6 8  3 4 9  2 5 1

4 2 6  5 3 1  8 7 9
3 9 7  6 2 8  5 1 4
8 1 5  7 9 4  3 2 6

9 8 2  4 7 3  1 6 5
6 7 3  2 1 5  9 4 8
5 4 1  9 8 6  7 3 2
Answer: 180
1 4 3  8 5 2  6 9 7
2 9 5  1 6 7  4 8 3
7 6 8  3 4 9  2 5 1

4 2 6  5 3 1  8 7 9
3 7 9  6 2 8  5 1 4
8 5 1  7 9 4  3 2 6

9 8 2  4 7 3  1 6 5
6 3 7  2 1 5  9 4 8
5 1 4  9 8 6  7 3 2
SATISFIABLE

Models       : 180
Calls        : 1
Time         : 0.337s (Solving: 0.33s 1st Model: 0.00s Unsat: 0.00s)
CPU Time     : 0.337s